Genome,Evolution loss after 0 epochs,Evolution loss after 1 epochs,Evolution loss after 2 epochs,Evolution loss after 3 epochs,Evolution loss after 4 epochs,Evolution loss after 5 epochs,Evolution loss after 6 epochs,Evolution loss after 7 epochs,Evolution loss after 8 epochs,Evolution loss after 9 epochs,Evolution loss after 10 epochs,Evolution loss after 11 epochs,Evolution loss after 12 epochs,Evolution loss after 13 epochs,Evolution loss after 14 epochs,Evolution loss after 15 epochs,Evolution loss after 16 epochs,Evolution loss after 17 epochs,Evolution loss after 18 epochs,Evolution loss after 19 epochs,Evolution loss after 20 epochs,Evolution loss after 21 epochs,Evolution loss after 22 epochs,Evolution loss after 23 epochs,Evolution loss after 24 epochs,Evolution loss after 25 epochs,Evolution loss after 26 epochs,Evolution loss after 27 epochs,Evolution loss after 28 epochs,Evolution loss after 29 epochs,Evolution loss after 30 epochs,Evolution loss after 31 epochs,Evolution loss after 32 epochs,Evolution loss after 33 epochs,Evolution loss after 34 epochs,Evolution loss after 35 epochs,Evolution loss after 36 epochs,Evolution loss after 37 epochs,Evolution loss after 38 epochs,Evolution loss after 39 epochs,Evolution loss after 40 epochs,Evolution loss after 41 epochs,Evolution loss after 42 epochs,Evolution loss after 43 epochs,Evolution loss after 44 epochs,Evolution loss after 45 epochs,Evolution loss after 46 epochs,Evolution loss after 47 epochs,Evolution loss after 48 epochs,Evolution loss after 49 epochs,Evolution loss after 50 epochs,Evolution loss after 51 epochs,Evolution loss after 52 epochs,Evolution loss after 53 epochs,Evolution loss after 54 epochs,Evolution loss after 55 epochs,Evolution loss after 56 epochs,Evolution loss after 57 epochs,Evolution loss after 58 epochs,Evolution loss after 59 epochs,Evolution loss after 60 epochs,Evolution loss after 61 epochs,Evolution loss after 62 epochs,Evolution loss after 63 epochs,Evolution loss after 64 epochs,Evolution loss after 65 epochs,Evolution loss after 66 epochs,Evolution loss after 67 epochs,Evolution loss after 68 epochs,Evolution loss after 69 epochs,Evolution loss after 70 epochs,Evolution loss after 71 epochs,Evolution loss after 72 epochs,Evolution loss after 73 epochs,Evolution loss after 74 epochs,Evolution loss after 75 epochs,Evolution loss after 76 epochs,Evolution loss after 77 epochs,Evolution loss after 78 epochs,Evolution loss after 79 epochs,Evolution loss after 80 epochs,Evolution loss after 81 epochs,Evolution loss after 82 epochs,Evolution loss after 83 epochs,Evolution loss after 84 epochs,Evolution loss after 85 epochs,Evolution loss after 86 epochs,Evolution loss after 87 epochs,Evolution loss after 88 epochs,Evolution loss after 89 epochs,Evolution loss after 90 epochs,Evolution loss after 91 epochs,Evolution loss after 92 epochs,Evolution loss after 93 epochs,Evolution loss after 94 epochs,Evolution loss after 95 epochs,Evolution loss after 96 epochs,Evolution loss after 97 epochs,Evolution loss after 98 epochs,Evolution loss after 99 epochs,Evolution loss after 100 epochs,Validation loss after 0 epochs,Validation loss after 1 epochs,Validation loss after 2 epochs,Validation loss after 3 epochs,Validation loss after 4 epochs,Validation loss after 5 epochs,Validation loss after 6 epochs,Validation loss after 7 epochs,Validation loss after 8 epochs,Validation loss after 9 epochs,Validation loss after 10 epochs,Validation loss after 11 epochs,Validation loss after 12 epochs,Validation loss after 13 epochs,Validation loss after 14 epochs,Validation loss after 15 epochs,Validation loss after 16 epochs,Validation loss after 17 epochs,Validation loss after 18 epochs,Validation loss after 19 epochs,Validation loss after 20 epochs,Validation loss after 21 epochs,Validation loss after 22 epochs,Validation loss after 23 epochs,Validation loss after 24 epochs,Validation loss after 25 epochs,Validation loss after 26 epochs,Validation loss after 27 epochs,Validation loss after 28 epochs,Validation loss after 29 epochs,Validation loss after 30 epochs,Validation loss after 31 epochs,Validation loss after 32 epochs,Validation loss after 33 epochs,Validation loss after 34 epochs,Validation loss after 35 epochs,Validation loss after 36 epochs,Validation loss after 37 epochs,Validation loss after 38 epochs,Validation loss after 39 epochs,Validation loss after 40 epochs,Validation loss after 41 epochs,Validation loss after 42 epochs,Validation loss after 43 epochs,Validation loss after 44 epochs,Validation loss after 45 epochs,Validation loss after 46 epochs,Validation loss after 47 epochs,Validation loss after 48 epochs,Validation loss after 49 epochs,Validation loss after 50 epochs,Validation loss after 51 epochs,Validation loss after 52 epochs,Validation loss after 53 epochs,Validation loss after 54 epochs,Validation loss after 55 epochs,Validation loss after 56 epochs,Validation loss after 57 epochs,Validation loss after 58 epochs,Validation loss after 59 epochs,Validation loss after 60 epochs,Validation loss after 61 epochs,Validation loss after 62 epochs,Validation loss after 63 epochs,Validation loss after 64 epochs,Validation loss after 65 epochs,Validation loss after 66 epochs,Validation loss after 67 epochs,Validation loss after 68 epochs,Validation loss after 69 epochs,Validation loss after 70 epochs,Validation loss after 71 epochs,Validation loss after 72 epochs,Validation loss after 73 epochs,Validation loss after 74 epochs,Validation loss after 75 epochs,Validation loss after 76 epochs,Validation loss after 77 epochs,Validation loss after 78 epochs,Validation loss after 79 epochs,Validation loss after 80 epochs,Validation loss after 81 epochs,Validation loss after 82 epochs,Validation loss after 83 epochs,Validation loss after 84 epochs,Validation loss after 85 epochs,Validation loss after 86 epochs,Validation loss after 87 epochs,Validation loss after 88 epochs,Validation loss after 89 epochs,Validation loss after 90 epochs,Validation loss after 91 epochs,Validation loss after 92 epochs,Validation loss after 93 epochs,Validation loss after 94 epochs,Validation loss after 95 epochs,Validation loss after 96 epochs,Validation loss after 97 epochs,Validation loss after 98 epochs,Validation loss after 99 epochs,Validation loss after 100 epochs
"<Genome {'input_shape': (3, 32, 32), 'output_feature_depth': 10, 'genes': [<Gene {'node': <MaxPoolNode {'input_shapes': [(3, 32, 32)]}>, 'input_indices': [-1], 'input_shapes': [(3, 32, 32)]}>, <Gene {'node': <AvgPoolNode {'input_shapes': [(3, 16, 16)]}>, 'input_indices': [0], 'input_shapes': [(3, 16, 16)]}>, <Gene {'node': <ConvNode {'input_shapes': [(3, 8, 8)], '_ConvNode__input_shape': (3, 8, 8), '_ConvNode__output_feature_depth': 32, 'kernel_size': 1}>, 'input_indices': [1], 'input_shapes': [(3, 8, 8)]}>, <Gene {'node': <MaxPoolNode {'input_shapes': [(32, 8, 8)]}>, 'input_indices': [2], 'input_shapes': [(32, 8, 8)]}>, <Gene {'node': <MaxPoolNode {'input_shapes': [(3, 8, 8)]}>, 'input_indices': [1], 'input_shapes': [(3, 8, 8)]}>, <Gene {'node': <ConvNode {'input_shapes': [(3, 16, 16)], '_ConvNode__input_shape': (3, 16, 16), '_ConvNode__output_feature_depth': 128, 'kernel_size': 1}>, 'input_indices': [0], 'input_shapes': [(3, 16, 16)]}>, <Gene {'node': <MaxPoolNode {'input_shapes': [(3, 4, 4)]}>, 'input_indices': [4], 'input_shapes': [(3, 4, 4)]}>, <Gene {'node': <CatNode {'input_shapes': [(128, 16, 16), (3, 4, 4)]}>, 'input_indices': [5, 4], 'input_shapes': [(128, 16, 16), (3, 4, 4)]}>, <Gene {'node': <MaxPoolNode {'input_shapes': [(3, 2, 2)]}>, 'input_indices': [6], 'input_shapes': [(3, 2, 2)]}>, <Gene {'node': <DepSepConvNode {'input_shapes': [(128, 16, 16)], '_DepSepConvNode__input_shape': (128, 16, 16), '_DepSepConvNode__output_feature_depth': 256, 'kernel_size': 5}>, 'input_indices': [5], 'input_shapes': [(128, 16, 16)]}>]}>",4.507326602935791,1.862302303314209,1.7482120990753174,1.679284930229187,1.6296337842941284,1.5900564193725586,1.5562940835952759,1.5263276100158691,1.4991072416305542,1.4737569093704224,1.4495857954025269,1.4259127378463745,1.4030680656433105,1.3808016777038574,1.359102725982666,1.3379147052764893,1.3172824382781982,1.2971738576889038,1.2777857780456543,1.2591623067855835,1.240944504737854,1.2235099077224731,1.2063815593719482,1.1892039775848389,1.1730983257293701,1.1570253372192383,1.140990138053894,1.125377893447876,1.109850287437439,1.0946125984191895,1.079782485961914,1.064778208732605,1.0504602193832397,1.0360188484191895,1.0217732191085815,1.007577896118164,0.9934025406837463,0.9793262481689453,0.9653700590133667,0.9513934850692749,0.938069760799408,0.9244584441184998,0.9110504388809204,0.8983354568481445,0.8854817152023315,0.8730336427688599,0.8610179424285889,0.8491224646568298,0.8362171649932861,0.8237360119819641,0.812150239944458,0.8011384010314941,0.7891760468482971,0.7771786451339722,0.765342652797699,0.7532934546470642,0.7423489093780518,0.7303915619850159,0.7190945148468018,0.7076076865196228,0.6962305307388306,0.6855875253677368,0.6749262809753418,0.6645361185073853,0.6540489792823792,0.6436419486999512,0.6337268352508545,0.6233530640602112,0.6140405535697937,0.6041390299797058,0.5943626761436462,0.5851771831512451,0.5762887597084045,0.5671167373657227,0.5580310225486755,0.5479927659034729,0.5392916202545166,0.5310578942298889,0.52425217628479,0.5156772136688232,0.5063769221305847,0.4984152317047119,0.49101051688194275,0.4823871850967407,0.4744738042354584,0.46713244915008545,0.4601120054721832,0.4528571665287018,0.44511130452156067,0.43862542510032654,0.4315037429332733,0.4244730770587921,0.4181021451950073,0.41186222434043884,0.4077347218990326,0.4011377692222595,0.3966801166534424,0.39108407497406006,0.38619041442871094,0.3819691240787506,0.37692612409591675,4.457041263580322,1.8847540616989136,1.7835441827774048,1.7233781814575195,1.6811212301254272,1.6490691900253296,1.6234978437423706,1.602598786354065,1.5847587585449219,1.568615436553955,1.5532455444335938,1.538796067237854,1.525124192237854,1.512386679649353,1.5002797842025757,1.4891616106033325,1.479134202003479,1.4691014289855957,1.4601550102233887,1.4521598815917969,1.4442178010940552,1.4370932579040527,1.4309887886047363,1.4246550798416138,1.4195747375488281,1.4152965545654297,1.4115952253341675,1.4079698324203491,1.4057997465133667,1.40382981300354,1.4029663801193237,1.4017976522445679,1.4012047052383423,1.4010887145996094,1.400884985923767,1.4007315635681152,1.400115966796875,1.4006719589233398,1.4011882543563843,1.4026259183883667,1.403567910194397,1.404647707939148,1.4061732292175293,1.40872323513031,1.4108439683914185,1.41432523727417,1.417115569114685,1.420014500617981,1.421975016593933,1.4241232872009277,1.4278124570846558,1.432257056236267,1.4362279176712036,1.4407151937484741,1.4457350969314575,1.4499973058700562,1.4545578956604004,1.4587621688842773,1.4649738073349,1.4702298641204834,1.4753674268722534,1.48093843460083,1.4872833490371704,1.4949357509613037,1.5007727146148682,1.5081205368041992,1.516623854637146,1.524950385093689,1.535409927368164,1.5457301139831543,1.5560086965560913,1.5678786039352417,1.579728364944458,1.5916938781738281,1.6044095754623413,1.6162071228027344,1.6286611557006836,1.6418436765670776,1.6574867963790894,1.6709543466567993,1.6832107305526733,1.699519395828247,1.7160204648971558,1.7309551239013672,1.7462806701660156,1.7632935047149658,1.7797586917877197,1.7930341958999634,1.8064860105514526,1.8224098682403564,1.8381210565567017,1.854047417640686,1.8700891733169556,1.8860706090927124,1.9052642583847046,1.9214636087417603,1.935903787612915,1.9518781900405884,1.9700336456298828,1.9892762899398804,2.0071332454681396
"<Genome {'input_shape': (3, 32, 32), 'output_feature_depth': 10, 'genes': [<Gene {'node': <CatNode {'input_shapes': [(3, 32, 32), (3, 32, 32)]}>, 'input_indices': [-1, -1], 'input_shapes': [(3, 32, 32), (3, 32, 32)]}>, <Gene {'node': <CatNode {'input_shapes': [(6, 3, 3), (3, 32, 32)]}>, 'input_indices': [0, -1], 'input_shapes': [(6, 3, 3), (3, 32, 32)]}>, <Gene {'node': <CatNode {'input_shapes': [(3, 32, 32), (3, 32, 32)]}>, 'input_indices': [-1, -1], 'input_shapes': [(3, 32, 32), (3, 32, 32)]}>, <Gene {'node': <SumNode {'input_shapes': [(6, 3, 3), (6, 3, 3)]}>, 'input_indices': [2, 0], 'input_shapes': [(6, 3, 3), (6, 3, 3)]}>, <Gene {'node': <MaxPoolNode {'input_shapes': [(3, 32, 32)]}>, 'input_indices': [-1], 'input_shapes': [(3, 32, 32)]}>, <Gene {'node': <ConvNode {'input_shapes': [(9, 6, 6)], '_ConvNode__input_shape': (9, 6, 6), '_ConvNode__output_feature_depth': 64, 'kernel_size': 3}>, 'input_indices': [1], 'input_shapes': [(9, 6, 6)]}>, <Gene {'node': <AvgPoolNode {'input_shapes': [(6, 6, 6)]}>, 'input_indices': [3], 'input_shapes': [(6, 6, 6)]}>, <Gene {'node': <SumNode {'input_shapes': [(6, 6, 6), (9, 6, 6)]}>, 'input_indices': [3, 1], 'input_shapes': [(6, 6, 6), (9, 6, 6)]}>, <Gene {'node': <MaxPoolNode {'input_shapes': [(3, 16, 16)]}>, 'input_indices': [4], 'input_shapes': [(3, 16, 16)]}>, <Gene {'node': <AvgPoolNode {'input_shapes': [(6, 3, 3)]}>, 'input_indices': [2], 'input_shapes': [(6, 3, 3)]}>]}>",3.220334053039551,2.037722110748291,1.959059715270996,1.9137933254241943,1.8801947832107544,1.8521714210510254,1.8294583559036255,1.8088995218276978,1.7875149250030518,1.7691504955291748,1.7528384923934937,1.7384759187698364,1.7263917922973633,1.7138084173202515,1.7025582790374756,1.6917976140975952,1.6812019348144531,1.6708898544311523,1.663617491722107,1.6555944681167603,1.6484261751174927,1.641783356666565,1.6345515251159668,1.6275488138198853,1.6216013431549072,1.6154053211212158,1.6053322553634644,1.6004080772399902,1.5921117067337036,1.5831120014190674,1.5764833688735962,1.5700898170471191,1.565767765045166,1.560929536819458,1.5562024116516113,1.5535935163497925,1.551112413406372,1.5495487451553345,1.5401065349578857,1.5370169878005981,1.5333759784698486,1.531129002571106,1.5243228673934937,1.5214635133743286,1.5217208862304688,1.5176756381988525,1.5109323263168335,1.5080965757369995,1.5084730386734009,1.5050886869430542,1.5059089660644531,1.4994806051254272,1.499799132347107,1.492863655090332,1.4941306114196777,1.4914699792861938,1.485184907913208,1.4862371683120728,1.4813600778579712,1.4830982685089111,1.4769141674041748,1.479586124420166,1.4723894596099854,1.474125862121582,1.4683870077133179,1.471032738685608,1.463767409324646,1.4663174152374268,1.4595247507095337,1.4595632553100586,1.4541889429092407,1.4556012153625488,1.4496163129806519,1.451369285583496,1.4450634717941284,1.4475438594818115,1.44439697265625,1.4430729150772095,1.4378372430801392,1.4400296211242676,1.4376038312911987,1.4304484128952026,1.434296727180481,1.4260406494140625,1.431533694267273,1.4250211715698242,1.4300198554992676,1.426880955696106,1.4255000352859497,1.4258253574371338,1.4247018098831177,1.4235148429870605,1.4205882549285889,1.4203304052352905,1.4192885160446167,1.4168691635131836,1.4118232727050781,1.4078361988067627,1.4085370302200317,1.4050415754318237,1.4065145254135132,3.2002315521240234,2.0172996520996094,1.935973048210144,1.8915417194366455,1.8568614721298218,1.8320432901382446,1.8090509176254272,1.7900676727294922,1.7678110599517822,1.7522172927856445,1.7372665405273438,1.724932074546814,1.7143421173095703,1.7032326459884644,1.6946241855621338,1.6863679885864258,1.6765148639678955,1.6672496795654297,1.6604795455932617,1.651924729347229,1.6464769840240479,1.6410480737686157,1.6347984075546265,1.6294291019439697,1.625009536743164,1.6197147369384766,1.6107536554336548,1.6085370779037476,1.6000652313232422,1.592481255531311,1.5867129564285278,1.581551194190979,1.5770803689956665,1.5737465620040894,1.5690722465515137,1.5691114664077759,1.5681155920028687,1.5693563222885132,1.5611134767532349,1.5561476945877075,1.5552361011505127,1.5545623302459717,1.5476187467575073,1.5460004806518555,1.5453673601150513,1.5427039861679077,1.5344672203063965,1.5336943864822388,1.5344634056091309,1.5321592092514038,1.5326118469238281,1.5285667181015015,1.5280154943466187,1.5236680507659912,1.524422287940979,1.5220704078674316,1.5184320211410522,1.5190447568893433,1.5153694152832031,1.51764714717865,1.5126019716262817,1.5158956050872803,1.509165644645691,1.5115524530410767,1.5063365697860718,1.5094584226608276,1.502514362335205,1.5055290460586548,1.4993624687194824,1.501386046409607,1.4976054430007935,1.499663233757019,1.4953299760818481,1.497266411781311,1.4926151037216187,1.4943277835845947,1.4916902780532837,1.4913549423217773,1.4884819984436035,1.4907207489013672,1.489080786705017,1.484565019607544,1.4889307022094727,1.4824039936065674,1.488486886024475,1.4841986894607544,1.4886889457702637,1.4884765148162842,1.4883123636245728,1.4897701740264893,1.4894719123840332,1.4896034002304077,1.4870015382766724,1.4875379800796509,1.4875515699386597,1.485288381576538,1.480963110923767,1.4764233827590942,1.4795759916305542,1.4755245447158813,1.4796249866485596
"<Genome {'input_shape': (3, 32, 32), 'output_feature_depth': 10, 'genes': [<Gene {'node': <ConvNode {'input_shapes': [(3, 32, 32)], '_ConvNode__input_shape': (3, 32, 32), '_ConvNode__output_feature_depth': 256, 'kernel_size': 1}>, 'input_indices': [-1], 'input_shapes': [(3, 32, 32)]}>, <Gene {'node': <AvgPoolNode {'input_shapes': [(256, 32, 32)]}>, 'input_indices': [0], 'input_shapes': [(256, 32, 32)]}>, <Gene {'node': <DepSepConvNode {'input_shapes': [(256, 32, 32)], '_DepSepConvNode__input_shape': (256, 32, 32), '_DepSepConvNode__output_feature_depth': 64, 'kernel_size': 5}>, 'input_indices': [0], 'input_shapes': [(256, 32, 32)]}>, <Gene {'node': <ConvNode {'input_shapes': [(64, 32, 32)], '_ConvNode__input_shape': (64, 32, 32), '_ConvNode__output_feature_depth': 64, 'kernel_size': 1}>, 'input_indices': [2], 'input_shapes': [(64, 32, 32)]}>, <Gene {'node': <AvgPoolNode {'input_shapes': [(256, 32, 32)]}>, 'input_indices': [0], 'input_shapes': [(256, 32, 32)]}>, <Gene {'node': <DepSepConvNode {'input_shapes': [(64, 32, 32)], '_DepSepConvNode__input_shape': (64, 32, 32), '_DepSepConvNode__output_feature_depth': 128, 'kernel_size': 3}>, 'input_indices': [3], 'input_shapes': [(64, 32, 32)]}>, <Gene {'node': <AvgPoolNode {'input_shapes': [(256, 16, 16)]}>, 'input_indices': [4], 'input_shapes': [(256, 16, 16)]}>, <Gene {'node': <MaxPoolNode {'input_shapes': [(64, 32, 32)]}>, 'input_indices': [2], 'input_shapes': [(64, 32, 32)]}>, <Gene {'node': <CatNode {'input_shapes': [(256, 8, 8), (3, 32, 32)]}>, 'input_indices': [6, -1], 'input_shapes': [(256, 8, 8), (3, 32, 32)]}>, <Gene {'node': <MaxPoolNode {'input_shapes': [(259, 256, 256)]}>, 'input_indices': [8], 'input_shapes': [(259, 256, 256)]}>]}>",3.5003392696380615,1.8172767162322998,1.6901605129241943,1.6118700504302979,1.5530052185058594,1.5006777048110962,1.4482015371322632,1.3979214429855347,1.3572551012039185,1.320395588874817,1.289482831954956,1.2591127157211304,1.230317234992981,1.206925392150879,1.182345986366272,1.1561037302017212,1.1289842128753662,1.1038637161254883,1.0781517028808594,1.0541681051254272,1.0312137603759766,1.0097843408584595,0.9900034070014954,0.9700152277946472,0.9539113640785217,0.937163233757019,0.9208873510360718,0.9042908549308777,0.8864099383354187,0.86823570728302,0.849613606929779,0.8284414410591125,0.8136171102523804,0.7983289957046509,0.7804085612297058,0.7630236744880676,0.7465919852256775,0.7305429577827454,0.7189344763755798,0.7068754434585571,0.6944800615310669,0.6821915507316589,0.6792012453079224,0.6749379634857178,0.674755871295929,0.6721315979957581,0.6702723503112793,0.6594257354736328,0.6729648113250732,0.6444401144981384,0.6463320851325989,0.6235838532447815,0.6212066411972046,0.6382319927215576,0.5960046648979187,0.634462296962738,0.6425542235374451,0.6888842582702637,0.6353516578674316,0.6050205230712891,0.629148006439209,0.5774016976356506,0.5550516247749329,0.5131129026412964,0.5832083225250244,0.48077964782714844,0.4963800311088562,0.4961513578891754,0.5241414308547974,0.46697553992271423,0.48823171854019165,0.48163241147994995,0.48682674765586853,0.4296666979789734,0.40776410698890686,0.4418414831161499,0.40920335054397583,0.4721132218837738,0.46500372886657715,0.429961621761322,0.5306060314178467,0.4722430408000946,0.63329017162323,0.5011792778968811,0.47339051961898804,0.3521358072757721,0.34070876240730286,0.36340948939323425,0.45394089818000793,0.39201295375823975,0.5211778879165649,0.5070685148239136,0.3394927382469177,0.3352728486061096,0.3009222447872162,0.27223628759384155,0.24283136427402496,0.23938222229480743,0.2304622083902359,0.23128442466259003,0.2129029929637909,3.4597527980804443,1.805928111076355,1.690584421157837,1.623019814491272,1.5805495977401733,1.5428941249847412,1.5024381875991821,1.4636915922164917,1.4375578165054321,1.416076421737671,1.3995052576065063,1.384912371635437,1.3734930753707886,1.365708589553833,1.3607922792434692,1.3534916639328003,1.3432406187057495,1.3327934741973877,1.3228839635849,1.3160256147384644,1.3126856088638306,1.3112071752548218,1.3113954067230225,1.311888575553894,1.3202877044677734,1.3289101123809814,1.3387562036514282,1.3533718585968018,1.3645282983779907,1.3724042177200317,1.385144829750061,1.3904640674591064,1.4123748540878296,1.4257984161376953,1.4398380517959595,1.4614949226379395,1.477081537246704,1.4978328943252563,1.5252044200897217,1.557564377784729,1.5914325714111328,1.622266411781311,1.6647249460220337,1.6961071491241455,1.7250503301620483,1.755182147026062,1.783795952796936,1.7861753702163696,1.8582775592803955,1.8548916578292847,1.8621879816055298,1.8579591512680054,1.9361060857772827,1.9459584951400757,1.9443892240524292,1.9574230909347534,2.0002143383026123,2.0283875465393066,1.988139033317566,2.042388439178467,2.1132237911224365,2.069941282272339,2.0885674953460693,2.0957770347595215,2.1956284046173096,2.072631597518921,2.13297438621521,2.2122809886932373,2.2739570140838623,2.1981704235076904,2.2844769954681396,2.3543078899383545,2.266902208328247,2.293704032897949,2.27833890914917,2.324526786804199,2.3711681365966797,2.4160397052764893,2.406018018722534,2.3784470558166504,2.4145753383636475,2.577937364578247,2.5202622413635254,2.5953633785247803,2.5477397441864014,2.474452495574951,2.4890336990356445,2.5271499156951904,2.6176950931549072,2.5996499061584473,2.5095081329345703,2.5478737354278564,2.5528175830841064,2.572765827178955,2.5642359256744385,2.626412868499756,2.659006118774414,2.608431577682495,2.6597774028778076,2.658601760864258,2.6657638549804688
"<Genome {'input_shape': (3, 32, 32), 'output_feature_depth': 10, 'genes': [<Gene {'node': <MaxPoolNode {'input_shapes': [(3, 32, 32)]}>, 'input_indices': [-1], 'input_shapes': [(3, 32, 32)]}>, <Gene {'node': <SumNode {'input_shapes': [(3, 16, 16), (3, 32, 32)]}>, 'input_indices': [0, -1], 'input_shapes': [(3, 16, 16), (3, 32, 32)]}>, <Gene {'node': <CatNode {'input_shapes': [(3, 16, 16), (3, 16, 16)]}>, 'input_indices': [0, 0], 'input_shapes': [(3, 16, 16), (3, 16, 16)]}>, <Gene {'node': <AvgPoolNode {'input_shapes': [(6, 3, 3)]}>, 'input_indices': [2], 'input_shapes': [(6, 3, 3)]}>, <Gene {'node': <SumNode {'input_shapes': [(3, 32, 32), (3, 16, 16)]}>, 'input_indices': [-1, 0], 'input_shapes': [(3, 32, 32), (3, 16, 16)]}>, <Gene {'node': <ConvNode {'input_shapes': [(6, 1, 1)], '_ConvNode__input_shape': (6, 1, 1), '_ConvNode__output_feature_depth': 32, 'kernel_size': 3}>, 'input_indices': [3], 'input_shapes': [(6, 1, 1)]}>, <Gene {'node': <MaxPoolNode {'input_shapes': [(3, 3, 3)]}>, 'input_indices': [1], 'input_shapes': [(3, 3, 3)]}>, <Gene {'node': <DepSepConvNode {'input_shapes': [(3, 32, 32)], '_DepSepConvNode__input_shape': (3, 32, 32), '_DepSepConvNode__output_feature_depth': 256, 'kernel_size': 5}>, 'input_indices': [-1], 'input_shapes': [(3, 32, 32)]}>, <Gene {'node': <DepSepConvNode {'input_shapes': [(3, 3, 3)], '_DepSepConvNode__input_shape': (3, 3, 3), '_DepSepConvNode__output_feature_depth': 32, 'kernel_size': 5}>, 'input_indices': [4], 'input_shapes': [(3, 3, 3)]}>, <Gene {'node': <ConvNode {'input_shapes': [(3, 3, 3)], '_ConvNode__input_shape': (3, 3, 3), '_ConvNode__output_feature_depth': 32, 'kernel_size': 1}>, 'input_indices': [4], 'input_shapes': [(3, 3, 3)]}>]}>",3.1519570350646973,1.9799033403396606,1.9033968448638916,1.8478935956954956,1.8049803972244263,1.7736904621124268,1.750106692314148,1.7317769527435303,1.7167967557907104,1.7040858268737793,1.6928011178970337,1.6822758913040161,1.672904133796692,1.6640372276306152,1.6558436155319214,1.6485487222671509,1.6419059038162231,1.635251760482788,1.6286579370498657,1.6223435401916504,1.6165920495986938,1.6111843585968018,1.6058757305145264,1.6008867025375366,1.5963855981826782,1.5916965007781982,1.5873523950576782,1.5832056999206543,1.5791925191879272,1.575270175933838,1.5716025829315186,1.5679380893707275,1.564559817314148,1.5609544515609741,1.5575882196426392,1.5543111562728882,1.5510722398757935,1.5481643676757812,1.545076847076416,1.5420571565628052,1.539078950881958,1.5361474752426147,1.533144474029541,1.5303151607513428,1.527698278427124,1.5252201557159424,1.5225014686584473,1.5200875997543335,1.5177226066589355,1.5153700113296509,1.512998104095459,1.5107966661453247,1.5085439682006836,1.50639808177948,1.5041859149932861,1.502010464668274,1.4999216794967651,1.4977858066558838,1.4956341981887817,1.4936964511871338,1.4917830228805542,1.4898821115493774,1.487963080406189,1.4860661029815674,1.4841946363449097,1.4823225736618042,1.4805430173873901,1.4786326885223389,1.4769961833953857,1.4752181768417358,1.4734103679656982,1.4715235233306885,1.469761848449707,1.4680724143981934,1.466426968574524,1.4648191928863525,1.4632213115692139,1.461677074432373,1.4599605798721313,1.4582940340042114,1.456701636314392,1.455196499824524,1.4536781311035156,1.4521616697311401,1.450623631477356,1.4490758180618286,1.4475605487823486,1.4458805322647095,1.4444293975830078,1.4429489374160767,1.4413741827011108,1.4399409294128418,1.4385018348693848,1.4371650218963623,1.435560941696167,1.4340863227844238,1.432839274406433,1.4314472675323486,1.4297077655792236,1.4283266067504883,1.4267970323562622,3.0870907306671143,1.9859284162521362,1.9045193195343018,1.8499168157577515,1.8111135959625244,1.785185694694519,1.7667616605758667,1.7529066801071167,1.7418733835220337,1.7324224710464478,1.723435640335083,1.7140554189682007,1.7047874927520752,1.6951662302017212,1.6856650114059448,1.677166223526001,1.6691524982452393,1.661192774772644,1.6532379388809204,1.6457443237304688,1.6390974521636963,1.6330410242080688,1.6271456480026245,1.6216424703598022,1.616725206375122,1.611610770225525,1.6069939136505127,1.602676272392273,1.598502516746521,1.5945955514907837,1.5909792184829712,1.5871790647506714,1.5838420391082764,1.5802606344223022,1.5770310163497925,1.5740565061569214,1.5711506605148315,1.5686811208724976,1.566061019897461,1.5633916854858398,1.5607255697250366,1.5581105947494507,1.5555486679077148,1.5532631874084473,1.5511850118637085,1.5491341352462769,1.5470900535583496,1.545233130455017,1.5435068607330322,1.5419566631317139,1.540380835533142,1.5390719175338745,1.5377980470657349,1.5365397930145264,1.5352799892425537,1.5340135097503662,1.532906413078308,1.5317291021347046,1.5305293798446655,1.5295500755310059,1.5287150144577026,1.527844786643982,1.5269869565963745,1.5263196229934692,1.5256657600402832,1.525049090385437,1.5245907306671143,1.5238969326019287,1.523683786392212,1.5231194496154785,1.5227011442184448,1.5221598148345947,1.521727442741394,1.5211104154586792,1.5205341577529907,1.5198513269424438,1.5192612409591675,1.5187805891036987,1.518074631690979,1.517416000366211,1.5168553590774536,1.5165176391601562,1.5160983800888062,1.515792727470398,1.515366792678833,1.5149352550506592,1.51445472240448,1.5138664245605469,1.5134320259094238,1.5130127668380737,1.5124939680099487,1.511931300163269,1.5114079713821411,1.5109938383102417,1.5103546380996704,1.5100535154342651,1.509763479232788,1.5094022750854492,1.5086737871170044,1.5081747770309448,1.5076078176498413
"<Genome {'input_shape': (3, 32, 32), 'output_feature_depth': 10, 'genes': [<Gene {'node': <DepSepConvNode {'input_shapes': [(3, 32, 32)], '_DepSepConvNode__input_shape': (3, 32, 32), '_DepSepConvNode__output_feature_depth': 256, 'kernel_size': 5}>, 'input_indices': [-1], 'input_shapes': [(3, 32, 32)]}>, <Gene {'node': <AvgPoolNode {'input_shapes': [(256, 32, 32)]}>, 'input_indices': [0], 'input_shapes': [(256, 32, 32)]}>, <Gene {'node': <SumNode {'input_shapes': [(256, 32, 32), (256, 32, 32)]}>, 'input_indices': [0, 0], 'input_shapes': [(256, 32, 32), (256, 32, 32)]}>, <Gene {'node': <MaxPoolNode {'input_shapes': [(256, 32, 32)]}>, 'input_indices': [0], 'input_shapes': [(256, 32, 32)]}>, <Gene {'node': <CatNode {'input_shapes': [(256, 32, 32), (3, 32, 32)]}>, 'input_indices': [0, -1], 'input_shapes': [(256, 32, 32), (3, 32, 32)]}>, <Gene {'node': <MaxPoolNode {'input_shapes': [(256, 256, 256)]}>, 'input_indices': [2], 'input_shapes': [(256, 256, 256)]}>, <Gene {'node': <SumNode {'input_shapes': [(259, 256, 256), (3, 32, 32)]}>, 'input_indices': [4, -1], 'input_shapes': [(259, 256, 256), (3, 32, 32)]}>, <Gene {'node': <SumNode {'input_shapes': [(256, 128, 128), (256, 256, 256)]}>, 'input_indices': [5, 2], 'input_shapes': [(256, 128, 128), (256, 256, 256)]}>, <Gene {'node': <MaxPoolNode {'input_shapes': [(256, 256, 256)]}>, 'input_indices': [2], 'input_shapes': [(256, 256, 256)]}>, <Gene {'node': <ConvNode {'input_shapes': [(256, 256, 256)], '_ConvNode__input_shape': (256, 256, 256), '_ConvNode__output_feature_depth': 32, 'kernel_size': 1}>, 'input_indices': [2], 'input_shapes': [(256, 256, 256)]}>]}>",7.225447177886963,1.973044753074646,1.8946199417114258,1.8511378765106201,1.8201746940612793,1.7959301471710205,1.7761017084121704,1.759730577468872,1.7459156513214111,1.7332292795181274,1.7221992015838623,1.7130229473114014,1.7049016952514648,1.6975626945495605,1.6906623840332031,1.6840697526931763,1.6778804063796997,1.6719918251037598,1.6663721799850464,1.6613820791244507,1.6567884683609009,1.6518434286117554,1.647527813911438,1.643128514289856,1.6396784782409668,1.6355303525924683,1.6319509744644165,1.6276448965072632,1.6242129802703857,1.6205464601516724,1.6174172163009644,1.6140867471694946,1.610810399055481,1.60745108127594,1.6046775579452515,1.6016258001327515,1.5982692241668701,1.5954264402389526,1.592264175415039,1.5892406702041626,1.5860775709152222,1.5828214883804321,1.5799821615219116,1.5771178007125854,1.574456810951233,1.5715651512145996,1.5695021152496338,1.5665286779403687,1.5646238327026367,1.5619417428970337,1.5598582029342651,1.5568008422851562,1.5550364255905151,1.5525400638580322,1.550309658050537,1.5482089519500732,1.5458191633224487,1.5442347526550293,1.5419985055923462,1.5403902530670166,1.5375992059707642,1.5358054637908936,1.5333384275436401,1.5328564643859863,1.5304969549179077,1.5290968418121338,1.5266348123550415,1.5252649784088135,1.5226765871047974,1.5217983722686768,1.5191164016723633,1.5181666612625122,1.5158815383911133,1.5147258043289185,1.5126622915267944,1.5114235877990723,1.5100774765014648,1.5084407329559326,1.5073044300079346,1.5054705142974854,1.5041406154632568,1.502768874168396,1.5014134645462036,1.4998767375946045,1.498889684677124,1.4970135688781738,1.4951696395874023,1.4933838844299316,1.4918391704559326,1.489982008934021,1.4892874956130981,1.4903053045272827,1.4858978986740112,1.4867124557495117,1.4845519065856934,1.4830198287963867,1.481843113899231,1.4821439981460571,1.482205867767334,1.4806537628173828,1.4786784648895264,7.0416436195373535,1.9414476156234741,1.8775829076766968,1.8524200916290283,1.8348228931427002,1.8214695453643799,1.8093366622924805,1.797903060913086,1.7874974012374878,1.7775764465332031,1.7693853378295898,1.7629129886627197,1.7570003271102905,1.7516685724258423,1.7465065717697144,1.7416126728057861,1.7368921041488647,1.7327766418457031,1.7289886474609375,1.7259019613265991,1.7228838205337524,1.719606637954712,1.7170476913452148,1.7145746946334839,1.7128448486328125,1.7104313373565674,1.7082666158676147,1.7053474187850952,1.7035019397735596,1.7011432647705078,1.6993509531021118,1.6974338293075562,1.6956056356430054,1.6936010122299194,1.6921344995498657,1.6903187036514282,1.6885398626327515,1.6871174573898315,1.6852232217788696,1.683585524559021,1.6816424131393433,1.6794729232788086,1.677813172340393,1.675759196281433,1.6742264032363892,1.672607421875,1.671734094619751,1.6701406240463257,1.6694039106369019,1.6677855253219604,1.6666091680526733,1.664799690246582,1.6642099618911743,1.6624908447265625,1.6613270044326782,1.6599730253219604,1.6586685180664062,1.6577385663986206,1.656640648841858,1.656166672706604,1.654431939125061,1.6536518335342407,1.6523510217666626,1.6527198553085327,1.6514967679977417,1.6508623361587524,1.6492840051651,1.648855447769165,1.6473255157470703,1.6475765705108643,1.6454099416732788,1.6455459594726562,1.6441128253936768,1.6438497304916382,1.6427220106124878,1.6424566507339478,1.6419126987457275,1.6412566900253296,1.6408910751342773,1.6398237943649292,1.6392450332641602,1.6384174823760986,1.6377018690109253,1.6369158029556274,1.636717677116394,1.6352827548980713,1.6337722539901733,1.632581353187561,1.6316337585449219,1.62920343875885,1.6298245191574097,1.6303386688232422,1.6271604299545288,1.6270370483398438,1.6265417337417603,1.6257959604263306,1.6251163482666016,1.6250076293945312,1.6263777017593384,1.6252962350845337,1.6235268115997314
"<Genome {'input_shape': (3, 32, 32), 'output_feature_depth': 10, 'genes': [<Gene {'node': <MaxPoolNode {'input_shapes': [(3, 32, 32)]}>, 'input_indices': [-1], 'input_shapes': [(3, 32, 32)]}>, <Gene {'node': <DepSepConvNode {'input_shapes': [(3, 16, 16)], '_DepSepConvNode__input_shape': (3, 16, 16), '_DepSepConvNode__output_feature_depth': 64, 'kernel_size': 3}>, 'input_indices': [0], 'input_shapes': [(3, 16, 16)]}>, <Gene {'node': <AvgPoolNode {'input_shapes': [(3, 16, 16)]}>, 'input_indices': [0], 'input_shapes': [(3, 16, 16)]}>, <Gene {'node': <CatNode {'input_shapes': [(3, 32, 32), (3, 32, 32)]}>, 'input_indices': [-1, -1], 'input_shapes': [(3, 32, 32), (3, 32, 32)]}>, <Gene {'node': <MaxPoolNode {'input_shapes': [(64, 16, 16)]}>, 'input_indices': [1], 'input_shapes': [(64, 16, 16)]}>, <Gene {'node': <DepSepConvNode {'input_shapes': [(6, 3, 3)], '_DepSepConvNode__input_shape': (6, 3, 3), '_DepSepConvNode__output_feature_depth': 32, 'kernel_size': 3}>, 'input_indices': [3], 'input_shapes': [(6, 3, 3)]}>, <Gene {'node': <SumNode {'input_shapes': [(6, 3, 3), (64, 16, 16)]}>, 'input_indices': [3, 1], 'input_shapes': [(6, 3, 3), (64, 16, 16)]}>, <Gene {'node': <AvgPoolNode {'input_shapes': [(3, 8, 8)]}>, 'input_indices': [2], 'input_shapes': [(3, 8, 8)]}>, <Gene {'node': <CatNode {'input_shapes': [(3, 16, 16), (3, 8, 8)]}>, 'input_indices': [0, 2], 'input_shapes': [(3, 16, 16), (3, 8, 8)]}>, <Gene {'node': <MaxPoolNode {'input_shapes': [(3, 8, 8)]}>, 'input_indices': [2], 'input_shapes': [(3, 8, 8)]}>]}>",3.1608989238739014,2.0939812660217285,2.0173051357269287,1.9790467023849487,1.9543002843856812,1.9353744983673096,1.9187710285186768,1.9035086631774902,1.8889994621276855,1.8754457235336304,1.8628417253494263,1.8516395092010498,1.8411921262741089,1.8312122821807861,1.8216193914413452,1.8123257160186768,1.803330659866333,1.7945339679718018,1.7858502864837646,1.777140736579895,1.7684400081634521,1.7598241567611694,1.751079797744751,1.7425537109375,1.734236240386963,1.7261757850646973,1.7183748483657837,1.7108206748962402,1.7035363912582397,1.6965980529785156,1.6899962425231934,1.6836521625518799,1.6775765419006348,1.6717007160186768,1.6661701202392578,1.6608821153640747,1.655733585357666,1.6509474515914917,1.6462926864624023,1.6418521404266357,1.6376562118530273,1.6336575746536255,1.6297974586486816,1.6261135339736938,1.622544527053833,1.6191871166229248,1.6158928871154785,1.612697720527649,1.6096652746200562,1.6066457033157349,1.6037966012954712,1.6010069847106934,1.5983607769012451,1.595643162727356,1.5929970741271973,1.590440273284912,1.5879263877868652,1.585468053817749,1.5831257104873657,1.5807594060897827,1.5784915685653687,1.5763633251190186,1.5740984678268433,1.5719819068908691,1.5696847438812256,1.5675950050354004,1.565545678138733,1.5634783506393433,1.561379075050354,1.5593498945236206,1.5571558475494385,1.5551655292510986,1.5531774759292603,1.5512068271636963,1.549230694770813,1.5473520755767822,1.5455656051635742,1.54369056224823,1.5417964458465576,1.540069580078125,1.538246512413025,1.536655068397522,1.534940242767334,1.5333131551742554,1.5316627025604248,1.529978632926941,1.5284110307693481,1.5267583131790161,1.5250880718231201,1.523573637008667,1.5219581127166748,1.5203744173049927,1.5188922882080078,1.517281174659729,1.5157361030578613,1.5141905546188354,1.5126394033432007,1.5111517906188965,1.5095394849777222,1.508233666419983,1.5067909955978394,3.141016960144043,2.0773439407348633,2.0029876232147217,1.9653171300888062,1.939562201499939,1.9202244281768799,1.9035688638687134,1.8886219263076782,1.874984622001648,1.862646460533142,1.8511390686035156,1.8412342071533203,1.8321536779403687,1.8235578536987305,1.815284013748169,1.8072502613067627,1.7992569208145142,1.7912321090698242,1.7831709384918213,1.7750200033187866,1.7668119668960571,1.7586983442306519,1.7502988576889038,1.7421973943710327,1.7344703674316406,1.7271597385406494,1.7202709913253784,1.7136433124542236,1.7073673009872437,1.701492190361023,1.6959351301193237,1.690789818763733,1.6858566999435425,1.681146264076233,1.6767075061798096,1.672530174255371,1.6683906316757202,1.6645292043685913,1.660982370376587,1.6576378345489502,1.6545416116714478,1.6515883207321167,1.6487951278686523,1.6462112665176392,1.6437309980392456,1.6415178775787354,1.6392968893051147,1.6371673345565796,1.6352109909057617,1.6332085132598877,1.6314191818237305,1.629622459411621,1.6280136108398438,1.6261882781982422,1.6244211196899414,1.6227102279663086,1.6210235357284546,1.619287133216858,1.6177576780319214,1.6160532236099243,1.6146835088729858,1.6133842468261719,1.6120185852050781,1.6107860803604126,1.6092733144760132,1.60812509059906,1.6070622205734253,1.605786681175232,1.6047626733779907,1.6035724878311157,1.6022268533706665,1.6010515689849854,1.5999016761779785,1.5987756252288818,1.5976303815841675,1.5966399908065796,1.595548152923584,1.5945183038711548,1.5933679342269897,1.592436671257019,1.5912888050079346,1.5904918909072876,1.5893983840942383,1.5883885622024536,1.5872730016708374,1.5860962867736816,1.5851408243179321,1.5839076042175293,1.5829228162765503,1.5821484327316284,1.5810655355453491,1.5801013708114624,1.579263687133789,1.5782111883163452,1.5773082971572876,1.5763353109359741,1.575424313545227,1.5745874643325806,1.5736865997314453,1.573098063468933,1.5722453594207764
"<Genome {'input_shape': (3, 32, 32), 'output_feature_depth': 10, 'genes': [<Gene {'node': <SumNode {'input_shapes': [(3, 32, 32), (3, 32, 32)]}>, 'input_indices': [-1, -1], 'input_shapes': [(3, 32, 32), (3, 32, 32)]}>, <Gene {'node': <ConvNode {'input_shapes': [(3, 3, 3)], '_ConvNode__input_shape': (3, 3, 3), '_ConvNode__output_feature_depth': 64, 'kernel_size': 3}>, 'input_indices': [0], 'input_shapes': [(3, 3, 3)]}>, <Gene {'node': <CatNode {'input_shapes': [(3, 3, 3), (64, 3, 3)]}>, 'input_indices': [0, 1], 'input_shapes': [(3, 3, 3), (64, 3, 3)]}>, <Gene {'node': <AvgPoolNode {'input_shapes': [(3, 3, 3)]}>, 'input_indices': [0], 'input_shapes': [(3, 3, 3)]}>, <Gene {'node': <ConvNode {'input_shapes': [(3, 1, 1)], '_ConvNode__input_shape': (3, 1, 1), '_ConvNode__output_feature_depth': 32, 'kernel_size': 3}>, 'input_indices': [3], 'input_shapes': [(3, 1, 1)]}>, <Gene {'node': <SumNode {'input_shapes': [(3, 1, 1), (3, 1, 1)]}>, 'input_indices': [3, 3], 'input_shapes': [(3, 1, 1), (3, 1, 1)]}>, <Gene {'node': <SumNode {'input_shapes': [(3, 1, 1), (3, 1, 1)]}>, 'input_indices': [3, 3], 'input_shapes': [(3, 1, 1), (3, 1, 1)]}>, <Gene {'node': <CatNode {'input_shapes': [(3, 3, 3), (64, 3, 3)]}>, 'input_indices': [0, 1], 'input_shapes': [(3, 3, 3), (64, 3, 3)]}>, <Gene {'node': <CatNode {'input_shapes': [(3, 3, 3), (3, 3, 3)]}>, 'input_indices': [6, 5], 'input_shapes': [(3, 3, 3), (3, 3, 3)]}>, <Gene {'node': <DepSepConvNode {'input_shapes': [(64, 3, 3)], '_DepSepConvNode__input_shape': (64, 3, 3), '_DepSepConvNode__output_feature_depth': 32, 'kernel_size': 3}>, 'input_indices': [1], 'input_shapes': [(64, 3, 3)]}>]}>",9.147106170654297,1.996887445449829,1.914781928062439,1.866282343864441,1.8283305168151855,1.7929039001464844,1.762107014656067,1.732393741607666,1.702546238899231,1.6744146347045898,1.6488494873046875,1.6251178979873657,1.604002594947815,1.584958791732788,1.567701816558838,1.551356315612793,1.5371919870376587,1.5237088203430176,1.5117988586425781,1.5001704692840576,1.4882032871246338,1.4772040843963623,1.4667385816574097,1.4570027589797974,1.4476735591888428,1.4391965866088867,1.429455041885376,1.4210270643234253,1.4123945236206055,1.404119849205017,1.3965626955032349,1.3894245624542236,1.3824553489685059,1.3755837678909302,1.3704949617385864,1.3643887042999268,1.3581101894378662,1.351935863494873,1.3465052843093872,1.3413015604019165,1.3353370428085327,1.3296858072280884,1.3235094547271729,1.3173141479492188,1.3121657371520996,1.3072397708892822,1.3021280765533447,1.2954776287078857,1.2911022901535034,1.2849416732788086,1.2810797691345215,1.2761485576629639,1.2707034349441528,1.266605257987976,1.2623833417892456,1.2577050924301147,1.2531548738479614,1.2486237287521362,1.2428430318832397,1.2397007942199707,1.2336809635162354,1.2275375127792358,1.2232329845428467,1.2181729078292847,1.2114421129226685,1.2073547840118408,1.2025156021118164,1.1953626871109009,1.191677212715149,1.1867338418960571,1.183198094367981,1.1777604818344116,1.1736831665039062,1.1675822734832764,1.159947395324707,1.1575746536254883,1.152909517288208,1.1480416059494019,1.1442290544509888,1.1395089626312256,1.136081337928772,1.1322613954544067,1.1283633708953857,1.125048041343689,1.1211680173873901,1.116857886314392,1.1137927770614624,1.1107232570648193,1.1071810722351074,1.1047790050506592,1.102984070777893,1.0999388694763184,1.097312569618225,1.0949517488479614,1.0928354263305664,1.0954865217208862,1.0882145166397095,1.0895432233810425,1.083902359008789,1.086656928062439,1.0880719423294067,8.991751670837402,1.9835697412490845,1.8943742513656616,1.8446611166000366,1.8073221445083618,1.7714098691940308,1.7402679920196533,1.711504340171814,1.6840814352035522,1.6589926481246948,1.634853720664978,1.6119810342788696,1.5918892621994019,1.5733917951583862,1.5566539764404297,1.5412325859069824,1.5291284322738647,1.5177102088928223,1.507859706878662,1.4991546869277954,1.490236759185791,1.4820488691329956,1.4742097854614258,1.467056155204773,1.4607301950454712,1.4552916288375854,1.4496439695358276,1.4454400539398193,1.4412375688552856,1.437564730644226,1.4337353706359863,1.4290454387664795,1.4243258237838745,1.4200518131256104,1.418034553527832,1.414281964302063,1.4104028940200806,1.4065545797348022,1.4036757946014404,1.40219247341156,1.3994128704071045,1.3969944715499878,1.3935006856918335,1.390350580215454,1.387905478477478,1.385640263557434,1.3831902742385864,1.3797191381454468,1.377240538597107,1.3747042417526245,1.3714317083358765,1.3689247369766235,1.3656729459762573,1.3653278350830078,1.364634394645691,1.3623555898666382,1.36026930809021,1.3577688932418823,1.355258822441101,1.3535125255584717,1.3510984182357788,1.3484071493148804,1.3477023839950562,1.344016432762146,1.3389599323272705,1.3375192880630493,1.3360857963562012,1.329865574836731,1.3276845216751099,1.3252992630004883,1.324393391609192,1.3220537900924683,1.320838212966919,1.3166202306747437,1.311679720878601,1.312334656715393,1.3102211952209473,1.3085510730743408,1.307786226272583,1.3055720329284668,1.3053057193756104,1.3041276931762695,1.3025027513504028,1.3012518882751465,1.3000640869140625,1.2986805438995361,1.298143744468689,1.2975666522979736,1.2976511716842651,1.297762393951416,1.2984787225723267,1.298141360282898,1.2975953817367554,1.2973486185073853,1.2985175848007202,1.3029587268829346,1.2987746000289917,1.3012856245040894,1.2989742755889893,1.3008652925491333,1.302585482597351
"<Genome {'input_shape': (3, 32, 32), 'output_feature_depth': 10, 'genes': [<Gene {'node': <DepSepConvNode {'input_shapes': [(3, 32, 32)], '_DepSepConvNode__input_shape': (3, 32, 32), '_DepSepConvNode__output_feature_depth': 256, 'kernel_size': 3}>, 'input_indices': [-1], 'input_shapes': [(3, 32, 32)]}>, <Gene {'node': <MaxPoolNode {'input_shapes': [(256, 32, 32)]}>, 'input_indices': [0], 'input_shapes': [(256, 32, 32)]}>, <Gene {'node': <AvgPoolNode {'input_shapes': [(256, 16, 16)]}>, 'input_indices': [1], 'input_shapes': [(256, 16, 16)]}>, <Gene {'node': <MaxPoolNode {'input_shapes': [(256, 8, 8)]}>, 'input_indices': [2], 'input_shapes': [(256, 8, 8)]}>, <Gene {'node': <DepSepConvNode {'input_shapes': [(256, 16, 16)], '_DepSepConvNode__input_shape': (256, 16, 16), '_DepSepConvNode__output_feature_depth': 32, 'kernel_size': 3}>, 'input_indices': [1], 'input_shapes': [(256, 16, 16)]}>, <Gene {'node': <AvgPoolNode {'input_shapes': [(256, 8, 8)]}>, 'input_indices': [2], 'input_shapes': [(256, 8, 8)]}>, <Gene {'node': <DepSepConvNode {'input_shapes': [(256, 4, 4)], '_DepSepConvNode__input_shape': (256, 4, 4), '_DepSepConvNode__output_feature_depth': 32, 'kernel_size': 3}>, 'input_indices': [5], 'input_shapes': [(256, 4, 4)]}>, <Gene {'node': <AvgPoolNode {'input_shapes': [(256, 32, 32)]}>, 'input_indices': [0], 'input_shapes': [(256, 32, 32)]}>, <Gene {'node': <DepSepConvNode {'input_shapes': [(3, 32, 32)], '_DepSepConvNode__input_shape': (3, 32, 32), '_DepSepConvNode__output_feature_depth': 64, 'kernel_size': 5}>, 'input_indices': [-1], 'input_shapes': [(3, 32, 32)]}>, <Gene {'node': <CatNode {'input_shapes': [(256, 8, 8), (3, 32, 32)]}>, 'input_indices': [2, -1], 'input_shapes': [(256, 8, 8), (3, 32, 32)]}>]}>",2.536761522293091,2.0221521854400635,1.950471043586731,1.8887994289398193,1.8348219394683838,1.788018822669983,1.7463626861572266,1.7094279527664185,1.677839994430542,1.6507266759872437,1.6275553703308105,1.6071221828460693,1.588758945465088,1.5716776847839355,1.5560764074325562,1.542119026184082,1.5285229682922363,1.5151948928833008,1.5024454593658447,1.4899367094039917,1.477389931678772,1.465587854385376,1.4538036584854126,1.4423593282699585,1.4305486679077148,1.4187732934951782,1.4073584079742432,1.3961302042007446,1.3843655586242676,1.3738001585006714,1.3626292943954468,1.3522831201553345,1.341890573501587,1.3302764892578125,1.3202921152114868,1.3104851245880127,1.3003588914871216,1.290982723236084,1.281548023223877,1.27147376537323,1.262759804725647,1.2527742385864258,1.243874430656433,1.2361513376235962,1.227394938468933,1.2187707424163818,1.2106419801712036,1.2021684646606445,1.1942760944366455,1.186120629310608,1.1773784160614014,1.1685203313827515,1.1608140468597412,1.1527917385101318,1.1450767517089844,1.1364092826843262,1.1283146142959595,1.1213152408599854,1.1126787662506104,1.1053674221038818,1.0981353521347046,1.0907906293869019,1.0845770835876465,1.0782936811447144,1.070390224456787,1.0639361143112183,1.0571599006652832,1.0503779649734497,1.0425575971603394,1.0365996360778809,1.0288527011871338,1.0222967863082886,1.0163569450378418,1.0098365545272827,1.0045428276062012,0.9983941316604614,0.9917764663696289,0.9845720529556274,0.9783998727798462,0.9711537957191467,0.9664621353149414,0.9591368436813354,0.9549557566642761,0.9485592246055603,0.9435004591941833,0.9380685687065125,0.9317839741706848,0.9244836568832397,0.9181908965110779,0.9149033427238464,0.9086093902587891,0.9022414684295654,0.8958336114883423,0.8896955847740173,0.8858979940414429,0.8780332207679749,0.8743323683738708,0.8676785230636597,0.8617127537727356,0.8559523224830627,0.8517120480537415,2.555305242538452,2.0086047649383545,1.9377729892730713,1.8765448331832886,1.8223114013671875,1.7766274213790894,1.7373689413070679,1.7039320468902588,1.6769596338272095,1.654922366142273,1.6364144086837769,1.6198370456695557,1.6052350997924805,1.591896414756775,1.5795092582702637,1.5684349536895752,1.5575989484786987,1.5472872257232666,1.5375640392303467,1.5278114080429077,1.5182844400405884,1.5090627670288086,1.4993406534194946,1.4901710748672485,1.480635643005371,1.4716352224349976,1.4631413221359253,1.4545412063598633,1.446372389793396,1.4391406774520874,1.4312925338745117,1.4243354797363281,1.4178671836853027,1.4105033874511719,1.4044784307479858,1.3987232446670532,1.3928238153457642,1.3881933689117432,1.3839889764785767,1.3786516189575195,1.3740187883377075,1.369330644607544,1.3653347492218018,1.361803650856018,1.3582348823547363,1.3534226417541504,1.3501540422439575,1.3468773365020752,1.3446108102798462,1.3415982723236084,1.3381130695343018,1.3337585926055908,1.3318818807601929,1.3293203115463257,1.327933669090271,1.3240807056427002,1.321555733680725,1.3203182220458984,1.318263053894043,1.3167418241500854,1.314648985862732,1.3138604164123535,1.3130043745040894,1.3126931190490723,1.3105907440185547,1.3093349933624268,1.308047890663147,1.3075536489486694,1.3053606748580933,1.305687665939331,1.303226113319397,1.301854133605957,1.3016724586486816,1.301378607749939,1.3017538785934448,1.3023673295974731,1.301457166671753,1.3015111684799194,1.3016700744628906,1.301163911819458,1.3021471500396729,1.301718831062317,1.3034089803695679,1.302535057067871,1.3050562143325806,1.3055896759033203,1.3062751293182373,1.304787039756775,1.3051947355270386,1.3064056634902954,1.3073862791061401,1.3089789152145386,1.3107737302780151,1.3112152814865112,1.3151079416275024,1.314825415611267,1.3182553052902222,1.3191636800765991,1.319309949874878,1.3195245265960693,1.3239988088607788
"<Genome {'input_shape': (3, 32, 32), 'output_feature_depth': 10, 'genes': [<Gene {'node': <CatNode {'input_shapes': [(3, 32, 32), (3, 32, 32)]}>, 'input_indices': [-1, -1], 'input_shapes': [(3, 32, 32), (3, 32, 32)]}>, <Gene {'node': <SumNode {'input_shapes': [(3, 32, 32), (3, 32, 32)]}>, 'input_indices': [-1, -1], 'input_shapes': [(3, 32, 32), (3, 32, 32)]}>, <Gene {'node': <MaxPoolNode {'input_shapes': [(3, 32, 32)]}>, 'input_indices': [-1], 'input_shapes': [(3, 32, 32)]}>, <Gene {'node': <MaxPoolNode {'input_shapes': [(6, 3, 3)]}>, 'input_indices': [0], 'input_shapes': [(6, 3, 3)]}>, <Gene {'node': <ConvNode {'input_shapes': [(6, 1, 1)], '_ConvNode__input_shape': (6, 1, 1), '_ConvNode__output_feature_depth': 256, 'kernel_size': 3}>, 'input_indices': [3], 'input_shapes': [(6, 1, 1)]}>, <Gene {'node': <ConvNode {'input_shapes': [(3, 3, 3)], '_ConvNode__input_shape': (3, 3, 3), '_ConvNode__output_feature_depth': 128, 'kernel_size': 1}>, 'input_indices': [1], 'input_shapes': [(3, 3, 3)]}>, <Gene {'node': <CatNode {'input_shapes': [(6, 1, 1), (256, 1, 1)]}>, 'input_indices': [3, 4], 'input_shapes': [(6, 1, 1), (256, 1, 1)]}>, <Gene {'node': <SumNode {'input_shapes': [(262, 256, 256), (3, 3, 3)]}>, 'input_indices': [6, 1], 'input_shapes': [(262, 256, 256), (3, 3, 3)]}>, <Gene {'node': <DepSepConvNode {'input_shapes': [(128, 3, 3)], '_DepSepConvNode__input_shape': (128, 3, 3), '_DepSepConvNode__output_feature_depth': 256, 'kernel_size': 5}>, 'input_indices': [5], 'input_shapes': [(128, 3, 3)]}>, <Gene {'node': <CatNode {'input_shapes': [(256, 3, 3), (262, 256, 256)]}>, 'input_indices': [8, 6], 'input_shapes': [(256, 3, 3), (262, 256, 256)]}>]}>",3.970628261566162,1.8675320148468018,1.7526862621307373,1.6790395975112915,1.6260675191879272,1.5819088220596313,1.5431381464004517,1.5075699090957642,1.4748008251190186,1.4443351030349731,1.4165189266204834,1.3910490274429321,1.3672853708267212,1.3450032472610474,1.3232923746109009,1.303260326385498,1.2842832803726196,1.266167163848877,1.2480709552764893,1.2313693761825562,1.2153334617614746,1.199449062347412,1.1838971376419067,1.1687366962432861,1.1535577774047852,1.1391594409942627,1.125430703163147,1.111863613128662,1.09848153591156,1.085673213005066,1.0737191438674927,1.0607631206512451,1.048523187637329,1.0370056629180908,1.0252752304077148,1.0146398544311523,1.0038390159606934,0.9927923679351807,0.9815600514411926,0.9712151885032654,0.9597723484039307,0.9504425525665283,0.939913272857666,0.9307546019554138,0.9193263053894043,0.9104205965995789,0.8994855284690857,0.89138263463974,0.8812478184700012,0.8720929026603699,0.8617119789123535,0.8539612293243408,0.8441961407661438,0.8370507955551147,0.8290268778800964,0.8209977149963379,0.811302125453949,0.8024225831031799,0.7940540909767151,0.786602795124054,0.7760846018791199,0.7684645056724548,0.7611197829246521,0.751350998878479,0.7444633841514587,0.7375253438949585,0.7290698885917664,0.7205442190170288,0.7117882966995239,0.7044231295585632,0.6963538527488708,0.687651515007019,0.6790450215339661,0.6702728271484375,0.6637351512908936,0.6556512713432312,0.6483109593391418,0.640129804611206,0.6325127482414246,0.6238428950309753,0.6164873838424683,0.6108377575874329,0.6029236912727356,0.59390789270401,0.5880696773529053,0.579528272151947,0.5734202861785889,0.567007839679718,0.5582685470581055,0.5512009859085083,0.5443920493125916,0.536980390548706,0.5300217866897583,0.5245970487594604,0.5154282450675964,0.5111924409866333,0.5030733942985535,0.49616530537605286,0.4912523031234741,0.4834572374820709,0.47847673296928406,3.9708034992218018,1.8518747091293335,1.7432399988174438,1.6785023212432861,1.6347086429595947,1.5991849899291992,1.569212794303894,1.5421561002731323,1.5180652141571045,1.4977140426635742,1.4805701971054077,1.465860366821289,1.4529763460159302,1.4425104856491089,1.432603120803833,1.4244447946548462,1.4172728061676025,1.4109448194503784,1.4037977457046509,1.3984416723251343,1.3930431604385376,1.387663722038269,1.383211612701416,1.378368854522705,1.3734594583511353,1.3698662519454956,1.366148829460144,1.3631997108459473,1.3609122037887573,1.3583128452301025,1.356948971748352,1.3550584316253662,1.3542195558547974,1.354103684425354,1.3533859252929688,1.3548976182937622,1.3561911582946777,1.3569961786270142,1.3583364486694336,1.3607310056686401,1.3619897365570068,1.3659818172454834,1.3677490949630737,1.3723734617233276,1.373802661895752,1.3782480955123901,1.3794822692871094,1.3857126235961914,1.3895353078842163,1.3958169221878052,1.3997974395751953,1.4090136289596558,1.4146286249160767,1.4248682260513306,1.4327118396759033,1.4410977363586426,1.4484213590621948,1.4554604291915894,1.4641655683517456,1.4753284454345703,1.480655312538147,1.490433931350708,1.4994944334030151,1.5070744752883911,1.5162745714187622,1.5274800062179565,1.5344516038894653,1.5448611974716187,1.5522565841674805,1.5616466999053955,1.5686100721359253,1.5759692192077637,1.5821555852890015,1.5892624855041504,1.5989221334457397,1.607242226600647,1.6152868270874023,1.6262940168380737,1.6357053518295288,1.6435604095458984,1.6526365280151367,1.6665486097335815,1.6775798797607422,1.6850308179855347,1.6969417333602905,1.7047061920166016,1.715248465538025,1.7252588272094727,1.7316738367080688,1.742072343826294,1.7515820264816284,1.761508822441101,1.7733261585235596,1.781821608543396,1.7875139713287354,1.7986904382705688,1.8030729293823242,1.8100996017456055,1.8188713788986206,1.8235626220703125,1.836177110671997
"<Genome {'input_shape': (3, 32, 32), 'output_feature_depth': 10, 'genes': [<Gene {'node': <MaxPoolNode {'input_shapes': [(3, 32, 32)]}>, 'input_indices': [-1], 'input_shapes': [(3, 32, 32)]}>, <Gene {'node': <MaxPoolNode {'input_shapes': [(3, 32, 32)]}>, 'input_indices': [-1], 'input_shapes': [(3, 32, 32)]}>, <Gene {'node': <SumNode {'input_shapes': [(3, 16, 16), (3, 32, 32)]}>, 'input_indices': [1, -1], 'input_shapes': [(3, 16, 16), (3, 32, 32)]}>, <Gene {'node': <SumNode {'input_shapes': [(3, 3, 3), (3, 16, 16)]}>, 'input_indices': [2, 0], 'input_shapes': [(3, 3, 3), (3, 16, 16)]}>, <Gene {'node': <SumNode {'input_shapes': [(3, 3, 3), (3, 16, 16)]}>, 'input_indices': [3, 0], 'input_shapes': [(3, 3, 3), (3, 16, 16)]}>, <Gene {'node': <SumNode {'input_shapes': [(3, 3, 3), (3, 3, 3)]}>, 'input_indices': [4, 2], 'input_shapes': [(3, 3, 3), (3, 3, 3)]}>, <Gene {'node': <DepSepConvNode {'input_shapes': [(3, 3, 3)], '_DepSepConvNode__input_shape': (3, 3, 3), '_DepSepConvNode__output_feature_depth': 256, 'kernel_size': 3}>, 'input_indices': [2], 'input_shapes': [(3, 3, 3)]}>, <Gene {'node': <ConvNode {'input_shapes': [(3, 16, 16)], '_ConvNode__input_shape': (3, 16, 16), '_ConvNode__output_feature_depth': 128, 'kernel_size': 1}>, 'input_indices': [1], 'input_shapes': [(3, 16, 16)]}>, <Gene {'node': <ConvNode {'input_shapes': [(3, 32, 32)], '_ConvNode__input_shape': (3, 32, 32), '_ConvNode__output_feature_depth': 32, 'kernel_size': 3}>, 'input_indices': [-1], 'input_shapes': [(3, 32, 32)]}>, <Gene {'node': <MaxPoolNode {'input_shapes': [(128, 16, 16)]}>, 'input_indices': [7], 'input_shapes': [(128, 16, 16)]}>]}>",3.796623945236206,2.0357728004455566,2.0028228759765625,1.9741880893707275,1.9484857320785522,1.9241738319396973,1.9019899368286133,1.8815984725952148,1.862831711769104,1.8454140424728394,1.8294010162353516,1.813029170036316,1.7980908155441284,1.784532070159912,1.7717596292495728,1.7594935894012451,1.7479846477508545,1.7372193336486816,1.7270174026489258,1.7173569202423096,1.707605004310608,1.6997426748275757,1.6907398700714111,1.6837670803070068,1.6760057210922241,1.6698869466781616,1.6633001565933228,1.6560755968093872,1.6512172222137451,1.6436822414398193,1.639196515083313,1.6315869092941284,1.6282858848571777,1.6220754384994507,1.618791103363037,1.612532377243042,1.6089184284210205,1.6050165891647339,1.599342942237854,1.5957577228546143,1.591604471206665,1.5862125158309937,1.583175539970398,1.578708291053772,1.575076699256897,1.5707793235778809,1.5663317441940308,1.5633844137191772,1.5592241287231445,1.555153727531433,1.5487747192382812,1.5450122356414795,1.5415998697280884,1.5365124940872192,1.5326521396636963,1.528032660484314,1.5237693786621094,1.5197234153747559,1.5166869163513184,1.513602375984192,1.5094012022018433,1.5059268474578857,1.5015748739242554,1.4977120161056519,1.493659496307373,1.4902998208999634,1.485955834388733,1.4833635091781616,1.4801650047302246,1.4767183065414429,1.4735344648361206,1.4703798294067383,1.4673845767974854,1.463648796081543,1.4614850282669067,1.4582844972610474,1.4556342363357544,1.4529510736465454,1.4502201080322266,1.4484068155288696,1.4451936483383179,1.4432753324508667,1.4407716989517212,1.4386138916015625,1.4358385801315308,1.4339135885238647,1.4315623044967651,1.4296698570251465,1.427515983581543,1.425998330116272,1.4235461950302124,1.4219175577163696,1.4198042154312134,1.4183841943740845,1.4171149730682373,1.414842963218689,1.412644863128662,1.411391019821167,1.4090147018432617,1.4068185091018677,1.4052658081054688,3.636615037918091,2.0137157440185547,1.9855083227157593,1.9627485275268555,1.9421751499176025,1.9220526218414307,1.9028400182724,1.8840864896774292,1.866550087928772,1.8501977920532227,1.8355664014816284,1.8213989734649658,1.8082103729248047,1.796422004699707,1.7852932214736938,1.7745447158813477,1.764638900756836,1.755426049232483,1.746683955192566,1.7385950088500977,1.730237603187561,1.7236578464508057,1.7160295248031616,1.7101391553878784,1.7037550210952759,1.6990747451782227,1.6938222646713257,1.687662124633789,1.68446946144104,1.678057074546814,1.6744517087936401,1.6677868366241455,1.6659739017486572,1.6611578464508057,1.6595999002456665,1.6544342041015625,1.652779221534729,1.6505330801010132,1.6460964679718018,1.6441131830215454,1.6415945291519165,1.6376656293869019,1.636361002922058,1.6332371234893799,1.6314833164215088,1.6286543607711792,1.6261059045791626,1.6246464252471924,1.6218775510787964,1.6188338994979858,1.6137288808822632,1.6113035678863525,1.6094480752944946,1.6059417724609375,1.6030921936035156,1.5991779565811157,1.5957489013671875,1.5935450792312622,1.5915971994400024,1.589905858039856,1.5866987705230713,1.5843778848648071,1.5817193984985352,1.578399419784546,1.5764787197113037,1.57430899143219,1.5705560445785522,1.569825530052185,1.5672529935836792,1.5652271509170532,1.5632256269454956,1.5606602430343628,1.5594589710235596,1.5558769702911377,1.5551471710205078,1.5522068738937378,1.551468014717102,1.5491604804992676,1.5478287935256958,1.5472272634506226,1.5454044342041016,1.543165922164917,1.5431655645370483,1.5404269695281982,1.539098858833313,1.5375689268112183,1.5371226072311401,1.5357966423034668,1.5352320671081543,1.5342592000961304,1.5330091714859009,1.5319108963012695,1.5310029983520508,1.530310869216919,1.5303230285644531,1.5285017490386963,1.5273079872131348,1.5269229412078857,1.525522232055664,1.5241674184799194,1.5236395597457886
"<Genome {'input_shape': (3, 32, 32), 'output_feature_depth': 10, 'genes': [<Gene {'node': <MaxPoolNode {'input_shapes': [(3, 32, 32)]}>, 'input_indices': [-1], 'input_shapes': [(3, 32, 32)]}>, <Gene {'node': <DepSepConvNode {'input_shapes': [(3, 16, 16)], '_DepSepConvNode__input_shape': (3, 16, 16), '_DepSepConvNode__output_feature_depth': 256, 'kernel_size': 5}>, 'input_indices': [0], 'input_shapes': [(3, 16, 16)]}>, <Gene {'node': <CatNode {'input_shapes': [(3, 16, 16), (256, 16, 16)]}>, 'input_indices': [0, 1], 'input_shapes': [(3, 16, 16), (256, 16, 16)]}>, <Gene {'node': <ConvNode {'input_shapes': [(256, 16, 16)], '_ConvNode__input_shape': (256, 16, 16), '_ConvNode__output_feature_depth': 128, 'kernel_size': 1}>, 'input_indices': [1], 'input_shapes': [(256, 16, 16)]}>, <Gene {'node': <DepSepConvNode {'input_shapes': [(128, 16, 16)], '_DepSepConvNode__input_shape': (128, 16, 16), '_DepSepConvNode__output_feature_depth': 128, 'kernel_size': 5}>, 'input_indices': [3], 'input_shapes': [(128, 16, 16)]}>, <Gene {'node': <CatNode {'input_shapes': [(3, 16, 16), (3, 32, 32)]}>, 'input_indices': [0, -1], 'input_shapes': [(3, 16, 16), (3, 32, 32)]}>, <Gene {'node': <ConvNode {'input_shapes': [(128, 16, 16)], '_ConvNode__input_shape': (128, 16, 16), '_ConvNode__output_feature_depth': 64, 'kernel_size': 3}>, 'input_indices': [3], 'input_shapes': [(128, 16, 16)]}>, <Gene {'node': <DepSepConvNode {'input_shapes': [(128, 16, 16)], '_DepSepConvNode__input_shape': (128, 16, 16), '_DepSepConvNode__output_feature_depth': 128, 'kernel_size': 5}>, 'input_indices': [4], 'input_shapes': [(128, 16, 16)]}>, <Gene {'node': <DepSepConvNode {'input_shapes': [(128, 16, 16)], '_DepSepConvNode__input_shape': (128, 16, 16), '_DepSepConvNode__output_feature_depth': 256, 'kernel_size': 3}>, 'input_indices': [7], 'input_shapes': [(128, 16, 16)]}>, <Gene {'node': <ConvNode {'input_shapes': [(6, 3, 3)], '_ConvNode__input_shape': (6, 3, 3), '_ConvNode__output_feature_depth': 256, 'kernel_size': 3}>, 'input_indices': [5], 'input_shapes': [(6, 3, 3)]}>]}>",3.051785707473755,1.8082445859909058,1.671019196510315,1.5663458108901978,1.4815560579299927,1.4107921123504639,1.3420876264572144,1.2797964811325073,1.2175754308700562,1.1604609489440918,1.105307698249817,1.05032217502594,0.9928076863288879,0.9288255572319031,0.875490665435791,0.8155815601348877,0.7594391107559204,0.7065395712852478,0.6473942995071411,0.5957056283950806,0.5456893444061279,0.514072597026825,0.48323678970336914,0.4388147294521332,0.3841063380241394,0.33865630626678467,0.3051263689994812,0.28368765115737915,0.2637779712677002,0.21052469313144684,0.17711789906024933,0.14161215722560883,0.11798252910375595,0.11829240620136261,0.12072758376598358,0.06518501043319702,0.053238868713378906,0.04856608435511589,0.04128995165228844,0.03526423126459122,0.031133174896240234,0.02591104246675968,0.021628843620419502,0.018616750836372375,0.01647002249956131,0.014788806438446045,0.013408741913735867,0.012237101793289185,0.011269524693489075,0.010439964942634106,0.009718750603497028,0.009101190604269505,0.008547468110918999,0.008032914251089096,0.007588687352836132,0.00717942975461483,0.006804098375141621,0.006448403932154179,0.006112297531217337,0.00580297876149416,0.005508543457835913,0.005236558150500059,0.004981225356459618,0.004720041528344154,0.0044709984213113785,0.004241413902491331,0.004028540104627609,0.0038246368058025837,0.0036277957260608673,0.003443437861278653,0.0032770999241620302,0.003110782941803336,0.002958300756290555,0.0028166251722723246,0.002681922633200884,0.002555535174906254,0.002433107467368245,0.002318857004866004,0.002208185149356723,0.0021115094423294067,0.0020113708451390266,0.0019187142606824636,0.0018321230309084058,0.0017512936610728502,0.0016699294792488217,0.0015960570890456438,0.0015242608496919274,0.0014572597574442625,0.0013932593865320086,0.0013322781305760145,0.0012752872426062822,0.0012206606334075332,0.0011694894637912512,0.0011191132944077253,0.001072778133675456,0.001027486752718687,0.0009860510472208261,0.000946353655308485,0.0009079459123313427,0.0008712817798368633,0.0008361497893929482,3.027466297149658,1.8218084573745728,1.7135858535766602,1.6310771703720093,1.5630989074707031,1.516262412071228,1.4722466468811035,1.4408642053604126,1.41304612159729,1.3970330953598022,1.385710597038269,1.3820343017578125,1.383104681968689,1.3828963041305542,1.3997052907943726,1.4174127578735352,1.4416680335998535,1.4782589673995972,1.5151822566986084,1.5517034530639648,1.5892976522445679,1.6582214832305908,1.717643141746521,1.755685806274414,1.7918176651000977,1.8172428607940674,1.8724902868270874,1.9852803945541382,2.0357654094696045,2.0102455615997314,2.045393466949463,2.096688985824585,2.123178005218506,2.133999824523926,2.2266554832458496,2.1901891231536865,2.2120306491851807,2.2562637329101562,2.312096357345581,2.3697476387023926,2.3993868827819824,2.4031524658203125,2.412930965423584,2.4270336627960205,2.44401478767395,2.4627697467803955,2.4809329509735107,2.4996957778930664,2.5185165405273438,2.536874532699585,2.5554416179656982,2.5736281871795654,2.592585802078247,2.610809803009033,2.6288859844207764,2.646280527114868,2.663752555847168,2.681251287460327,2.6978585720062256,2.7142648696899414,2.7305047512054443,2.7467851638793945,2.76271653175354,2.7781529426574707,2.7938764095306396,2.8097686767578125,2.8254172801971436,2.8405826091766357,2.855818510055542,2.8709542751312256,2.88584303855896,2.900181531906128,2.9138057231903076,2.9286932945251465,2.942826271057129,2.9570157527923584,2.971168279647827,2.985276460647583,2.9989843368530273,3.013028860092163,3.026872396469116,3.041208267211914,3.054572105407715,3.0688893795013428,3.082703113555908,3.0960166454315186,3.1097326278686523,3.1238839626312256,3.137831449508667,3.1516835689544678,3.1653809547424316,3.1791915893554688,3.193147659301758,3.206772565841675,3.22040057182312,3.2341389656066895,3.2480790615081787,3.261589527130127,3.274951219558716,3.2883083820343018,3.301722288131714
"<Genome {'input_shape': (3, 32, 32), 'output_feature_depth': 10, 'genes': [<Gene {'node': <SumNode {'input_shapes': [(3, 32, 32), (3, 32, 32)]}>, 'input_indices': [-1, -1], 'input_shapes': [(3, 32, 32), (3, 32, 32)]}>, <Gene {'node': <MaxPoolNode {'input_shapes': [(3, 32, 32)]}>, 'input_indices': [-1], 'input_shapes': [(3, 32, 32)]}>, <Gene {'node': <DepSepConvNode {'input_shapes': [(3, 16, 16)], '_DepSepConvNode__input_shape': (3, 16, 16), '_DepSepConvNode__output_feature_depth': 32, 'kernel_size': 5}>, 'input_indices': [1], 'input_shapes': [(3, 16, 16)]}>, <Gene {'node': <ConvNode {'input_shapes': [(3, 3, 3)], '_ConvNode__input_shape': (3, 3, 3), '_ConvNode__output_feature_depth': 256, 'kernel_size': 3}>, 'input_indices': [0], 'input_shapes': [(3, 3, 3)]}>, <Gene {'node': <SumNode {'input_shapes': [(256, 3, 3), (256, 3, 3)]}>, 'input_indices': [3, 3], 'input_shapes': [(256, 3, 3), (256, 3, 3)]}>, <Gene {'node': <MaxPoolNode {'input_shapes': [(3, 3, 3)]}>, 'input_indices': [0], 'input_shapes': [(3, 3, 3)]}>, <Gene {'node': <MaxPoolNode {'input_shapes': [(3, 3, 3)]}>, 'input_indices': [0], 'input_shapes': [(3, 3, 3)]}>, <Gene {'node': <ConvNode {'input_shapes': [(3, 3, 3)], '_ConvNode__input_shape': (3, 3, 3), '_ConvNode__output_feature_depth': 128, 'kernel_size': 1}>, 'input_indices': [0], 'input_shapes': [(3, 3, 3)]}>, <Gene {'node': <AvgPoolNode {'input_shapes': [(128, 3, 3)]}>, 'input_indices': [7], 'input_shapes': [(128, 3, 3)]}>, <Gene {'node': <MaxPoolNode {'input_shapes': [(3, 1, 1)]}>, 'input_indices': [6], 'input_shapes': [(3, 1, 1)]}>]}>",6.116462230682373,1.9587510824203491,1.8793282508850098,1.8282936811447144,1.788744330406189,1.7566205263137817,1.7301526069641113,1.7094343900680542,1.690535068511963,1.6731828451156616,1.6572164297103882,1.6430824995040894,1.6301400661468506,1.6175801753997803,1.6050856113433838,1.5935579538345337,1.582781195640564,1.571663498878479,1.5608057975769043,1.5504523515701294,1.5411933660507202,1.5328389406204224,1.5247231721878052,1.5160267353057861,1.5086019039154053,1.5004894733428955,1.4941625595092773,1.4867079257965088,1.480903148651123,1.474647045135498,1.468828558921814,1.4632225036621094,1.458471655845642,1.4535183906555176,1.4490711688995361,1.4445134401321411,1.4405279159545898,1.4362165927886963,1.4325175285339355,1.4286770820617676,1.4251741170883179,1.4214656352996826,1.4185494184494019,1.4152185916900635,1.4122653007507324,1.4093104600906372,1.4068397283554077,1.403578281402588,1.4011032581329346,1.3979861736297607,1.3953675031661987,1.392424464225769,1.3904231786727905,1.3875285387039185,1.3855499029159546,1.382786512374878,1.3808730840682983,1.3785076141357422,1.3763445615768433,1.373992681503296,1.3720334768295288,1.3697985410690308,1.3679237365722656,1.3659371137619019,1.3638356924057007,1.3619109392166138,1.3599178791046143,1.3582453727722168,1.3565820455551147,1.354963779449463,1.3532649278640747,1.3514419794082642,1.3494821786880493,1.3478405475616455,1.34599769115448,1.3444678783416748,1.3426834344863892,1.340946078300476,1.3398226499557495,1.3381171226501465,1.3362370729446411,1.3349459171295166,1.3331670761108398,1.3311882019042969,1.3299990892410278,1.3282006978988647,1.3272579908370972,1.3253215551376343,1.3239405155181885,1.3230831623077393,1.3207688331604004,1.3195185661315918,1.317668080329895,1.3164929151535034,1.3151603937149048,1.3136897087097168,1.312273383140564,1.3109054565429688,1.3097949028015137,1.3080724477767944,1.3065130710601807,6.085513591766357,1.9335813522338867,1.8459529876708984,1.7975530624389648,1.7619282007217407,1.732425570487976,1.7078102827072144,1.6887085437774658,1.671573281288147,1.6567325592041016,1.6433042287826538,1.632062315940857,1.6221981048583984,1.6130598783493042,1.603549599647522,1.5945404767990112,1.5863380432128906,1.5779799222946167,1.5699135065078735,1.562832236289978,1.5564477443695068,1.5509012937545776,1.5460814237594604,1.5406310558319092,1.5363248586654663,1.5315278768539429,1.5281635522842407,1.5234946012496948,1.520674228668213,1.517258882522583,1.5147621631622314,1.5124269723892212,1.5107638835906982,1.5083377361297607,1.5070773363113403,1.5046910047531128,1.5031546354293823,1.5009976625442505,1.4997743368148804,1.4986143112182617,1.4974225759506226,1.4963884353637695,1.4961222410202026,1.4951722621917725,1.4944652318954468,1.4941853284835815,1.4943069219589233,1.4931234121322632,1.4934070110321045,1.4921019077301025,1.492296814918518,1.4906947612762451,1.4909509420394897,1.4899349212646484,1.4897388219833374,1.4888180494308472,1.488948106765747,1.488204836845398,1.4879121780395508,1.4872097969055176,1.4869991540908813,1.4862034320831299,1.486271619796753,1.4861294031143188,1.4857388734817505,1.4853407144546509,1.4853880405426025,1.4854925870895386,1.4853394031524658,1.485190510749817,1.485013723373413,1.4847317934036255,1.4847849607467651,1.4848816394805908,1.484918475151062,1.4851692914962769,1.4847968816757202,1.4845714569091797,1.4842575788497925,1.4850460290908813,1.483893632888794,1.4844725131988525,1.4839355945587158,1.4832029342651367,1.4834944009780884,1.4830468893051147,1.4835736751556396,1.4829654693603516,1.4834593534469604,1.484123706817627,1.4830822944641113,1.4835861921310425,1.4831708669662476,1.4832088947296143,1.4834545850753784,1.483411192893982,1.4831745624542236,1.4832055568695068,1.4836980104446411,1.4830126762390137,1.4825624227523804
"<Genome {'input_shape': (3, 32, 32), 'output_feature_depth': 10, 'genes': [<Gene {'node': <SumNode {'input_shapes': [(3, 32, 32), (3, 32, 32)]}>, 'input_indices': [-1, -1], 'input_shapes': [(3, 32, 32), (3, 32, 32)]}>, <Gene {'node': <ConvNode {'input_shapes': [(3, 32, 32)], '_ConvNode__input_shape': (3, 32, 32), '_ConvNode__output_feature_depth': 64, 'kernel_size': 3}>, 'input_indices': [-1], 'input_shapes': [(3, 32, 32)]}>, <Gene {'node': <CatNode {'input_shapes': [(64, 32, 32), (3, 3, 3)]}>, 'input_indices': [1, 0], 'input_shapes': [(64, 32, 32), (3, 3, 3)]}>, <Gene {'node': <ConvNode {'input_shapes': [(67, 64, 64)], '_ConvNode__input_shape': (67, 64, 64), '_ConvNode__output_feature_depth': 32, 'kernel_size': 3}>, 'input_indices': [2], 'input_shapes': [(67, 64, 64)]}>, <Gene {'node': <MaxPoolNode {'input_shapes': [(67, 64, 64)]}>, 'input_indices': [2], 'input_shapes': [(67, 64, 64)]}>, <Gene {'node': <ConvNode {'input_shapes': [(67, 64, 64)], '_ConvNode__input_shape': (67, 64, 64), '_ConvNode__output_feature_depth': 64, 'kernel_size': 1}>, 'input_indices': [2], 'input_shapes': [(67, 64, 64)]}>, <Gene {'node': <SumNode {'input_shapes': [(3, 32, 32), (3, 32, 32)]}>, 'input_indices': [-1, -1], 'input_shapes': [(3, 32, 32), (3, 32, 32)]}>, <Gene {'node': <CatNode {'input_shapes': [(3, 3, 3), (64, 32, 32)]}>, 'input_indices': [0, 1], 'input_shapes': [(3, 3, 3), (64, 32, 32)]}>, <Gene {'node': <MaxPoolNode {'input_shapes': [(64, 64, 64)]}>, 'input_indices': [5], 'input_shapes': [(64, 64, 64)]}>, <Gene {'node': <AvgPoolNode {'input_shapes': [(67, 32, 32)]}>, 'input_indices': [4], 'input_shapes': [(67, 32, 32)]}>]}>",3.279279947280884,1.8835660219192505,1.7949671745300293,1.7346185445785522,1.688385248184204,1.6498255729675293,1.613156795501709,1.5812398195266724,1.553902268409729,1.5288015604019165,1.5049148797988892,1.4827533960342407,1.462849497795105,1.4457464218139648,1.4299415349960327,1.4148528575897217,1.3998278379440308,1.3867844343185425,1.3745710849761963,1.3623902797698975,1.3496028184890747,1.338653802871704,1.3286212682724,1.3191285133361816,1.30899178981781,1.2992007732391357,1.2901328802108765,1.2811230421066284,1.2724679708480835,1.2641850709915161,1.256436824798584,1.2484354972839355,1.2383759021759033,1.2303123474121094,1.221735954284668,1.2136057615280151,1.2045259475708008,1.1975511312484741,1.1901942491531372,1.1809149980545044,1.171539545059204,1.1631479263305664,1.1542891263961792,1.1449508666992188,1.135842204093933,1.1274548768997192,1.1188914775848389,1.112298607826233,1.1048102378845215,1.099218487739563,1.0871261358261108,1.0796678066253662,1.0704822540283203,1.0629196166992188,1.0516141653060913,1.0458052158355713,1.0382542610168457,1.0334415435791016,1.0266655683517456,1.0211248397827148,1.013449788093567,1.00676691532135,1.000119686126709,0.9916031360626221,0.9863152503967285,0.9783928394317627,0.9738854765892029,0.9677147269248962,0.9617010354995728,0.9571628570556641,0.950707197189331,0.9455237984657288,0.9379842281341553,0.9339209198951721,0.9288371205329895,0.9238830208778381,0.9160274267196655,0.9099210500717163,0.9044707417488098,0.8969275951385498,0.8897198438644409,0.8847894072532654,0.8805465698242188,0.8731870055198669,0.8688429594039917,0.8629269003868103,0.8579999208450317,0.852715253829956,0.8473179340362549,0.842857301235199,0.8375976085662842,0.8342511057853699,0.8297253251075745,0.8260218501091003,0.8222204446792603,0.8191660642623901,0.8164443969726562,0.813417911529541,0.8075774312019348,0.8041737079620361,0.7981052398681641,3.1843154430389404,1.8650826215744019,1.7776697874069214,1.7189213037490845,1.6757808923721313,1.6436760425567627,1.6112278699874878,1.5826072692871094,1.5585159063339233,1.5374963283538818,1.5171693563461304,1.4973911046981812,1.4817627668380737,1.4690419435501099,1.4572049379348755,1.4469740390777588,1.436549425125122,1.4286589622497559,1.4215329885482788,1.4138802289962769,1.4059587717056274,1.399989366531372,1.394718050956726,1.3892440795898438,1.3828202486038208,1.3769773244857788,1.372869849205017,1.3697643280029297,1.3679015636444092,1.365628719329834,1.363216519355774,1.360862135887146,1.3559315204620361,1.3534215688705444,1.3490175008773804,1.3458904027938843,1.3409584760665894,1.3394054174423218,1.3370211124420166,1.33282470703125,1.3272652626037598,1.322789192199707,1.3180123567581177,1.3126616477966309,1.307960033416748,1.303221583366394,1.2988849878311157,1.2969485521316528,1.2938904762268066,1.2911169528961182,1.2847144603729248,1.2824915647506714,1.2781455516815186,1.2763937711715698,1.2724354267120361,1.2715600728988647,1.2676109075546265,1.2669941186904907,1.2648067474365234,1.26466965675354,1.262369990348816,1.2624702453613281,1.2616866827011108,1.2602638006210327,1.2595020532608032,1.2572827339172363,1.2589486837387085,1.259188175201416,1.258235216140747,1.2588796615600586,1.2585678100585938,1.2596490383148193,1.2605246305465698,1.2609214782714844,1.2629673480987549,1.2646514177322388,1.2645272016525269,1.2636975049972534,1.2654316425323486,1.2645725011825562,1.2652181386947632,1.2669057846069336,1.2686982154846191,1.2680165767669678,1.272558569908142,1.2738174200057983,1.2762670516967773,1.2778396606445312,1.2800512313842773,1.2859147787094116,1.2882869243621826,1.2902278900146484,1.2954926490783691,1.2965201139450073,1.300511121749878,1.3057283163070679,1.30699622631073,1.3108404874801636,1.3125104904174805,1.3171285390853882,1.3177355527877808
"<Genome {'input_shape': (3, 32, 32), 'output_feature_depth': 10, 'genes': [<Gene {'node': <SumNode {'input_shapes': [(3, 32, 32), (3, 32, 32)]}>, 'input_indices': [-1, -1], 'input_shapes': [(3, 32, 32), (3, 32, 32)]}>, <Gene {'node': <SumNode {'input_shapes': [(3, 32, 32), (3, 32, 32)]}>, 'input_indices': [-1, -1], 'input_shapes': [(3, 32, 32), (3, 32, 32)]}>, <Gene {'node': <ConvNode {'input_shapes': [(3, 3, 3)], '_ConvNode__input_shape': (3, 3, 3), '_ConvNode__output_feature_depth': 256, 'kernel_size': 1}>, 'input_indices': [1], 'input_shapes': [(3, 3, 3)]}>, <Gene {'node': <CatNode {'input_shapes': [(3, 32, 32), (3, 3, 3)]}>, 'input_indices': [-1, 1], 'input_shapes': [(3, 32, 32), (3, 3, 3)]}>, <Gene {'node': <MaxPoolNode {'input_shapes': [(3, 3, 3)]}>, 'input_indices': [0], 'input_shapes': [(3, 3, 3)]}>, <Gene {'node': <SumNode {'input_shapes': [(256, 3, 3), (256, 3, 3)]}>, 'input_indices': [2, 2], 'input_shapes': [(256, 3, 3), (256, 3, 3)]}>, <Gene {'node': <DepSepConvNode {'input_shapes': [(3, 1, 1)], '_DepSepConvNode__input_shape': (3, 1, 1), '_DepSepConvNode__output_feature_depth': 128, 'kernel_size': 3}>, 'input_indices': [4], 'input_shapes': [(3, 1, 1)]}>, <Gene {'node': <SumNode {'input_shapes': [(128, 1, 1), (3, 32, 32)]}>, 'input_indices': [6, -1], 'input_shapes': [(128, 1, 1), (3, 32, 32)]}>, <Gene {'node': <SumNode {'input_shapes': [(6, 3, 3), (3, 32, 32)]}>, 'input_indices': [3, -1], 'input_shapes': [(6, 3, 3), (3, 32, 32)]}>, <Gene {'node': <MaxPoolNode {'input_shapes': [(6, 3, 3)]}>, 'input_indices': [3], 'input_shapes': [(6, 3, 3)]}>]}>",6.539230823516846,2.0415701866149902,2.00571346282959,1.9863395690917969,1.972031593322754,1.9600045680999756,1.9488844871520996,1.9387779235839844,1.9296661615371704,1.921378254890442,1.9136114120483398,1.9062780141830444,1.8991221189498901,1.8920950889587402,1.885211706161499,1.8787540197372437,1.8722765445709229,1.8661836385726929,1.860647439956665,1.854370355606079,1.848616123199463,1.842812180519104,1.8371516466140747,1.831412672996521,1.825893521308899,1.8203926086425781,1.8149079084396362,1.8095084428787231,1.804100751876831,1.798643708229065,1.793168544769287,1.7877846956253052,1.7824269533157349,1.7771646976470947,1.771909236907959,1.7667958736419678,1.7616472244262695,1.7566114664077759,1.7515513896942139,1.7466621398925781,1.7417694330215454,1.7370439767837524,1.732147216796875,1.7275735139846802,1.7229869365692139,1.7184624671936035,1.7140183448791504,1.70963716506958,1.7054604291915894,1.7013700008392334,1.697412133216858,1.6936304569244385,1.6898936033248901,1.6863189935684204,1.6828564405441284,1.6795672178268433,1.6762970685958862,1.6732494831085205,1.670235514640808,1.6674394607543945,1.6647188663482666,1.662087321281433,1.6595369577407837,1.6571826934814453,1.6547974348068237,1.6526179313659668,1.650468111038208,1.6484099626541138,1.6463994979858398,1.6445015668869019,1.6426410675048828,1.6408685445785522,1.639113426208496,1.637448787689209,1.635811686515808,1.6342297792434692,1.6326769590377808,1.6311440467834473,1.6296643018722534,1.6282198429107666,1.626861810684204,1.6254833936691284,1.6241542100906372,1.622876524925232,1.6215695142745972,1.6203563213348389,1.6190807819366455,1.6178838014602661,1.6166983842849731,1.6155024766921997,1.6143620014190674,1.6131764650344849,1.6120485067367554,1.6109075546264648,1.60986328125,1.6087642908096313,1.6077055931091309,1.6066391468048096,1.6056047677993774,1.6045488119125366,1.6035587787628174,6.2174391746521,2.0282070636749268,2.0074236392974854,1.9967411756515503,1.98822021484375,1.9805015325546265,1.972957968711853,1.965555191040039,1.958375334739685,1.9514236450195312,1.9448484182357788,1.9384539127349854,1.9320299625396729,1.9254789352416992,1.9189728498458862,1.9132667779922485,1.9078092575073242,1.902578353881836,1.8979746103286743,1.892556071281433,1.8878644704818726,1.8832311630249023,1.8787673711776733,1.8743019104003906,1.870034098625183,1.8657894134521484,1.8615690469741821,1.8573659658432007,1.8532837629318237,1.8491621017456055,1.845119833946228,1.8411855697631836,1.8372973203659058,1.8333805799484253,1.8295475244522095,1.8257859945297241,1.8220592737197876,1.8183685541152954,1.8146682977676392,1.8110016584396362,1.8073761463165283,1.8039149045944214,1.8003610372543335,1.7969188690185547,1.7935465574264526,1.7901302576065063,1.786828637123108,1.7836393117904663,1.7805477380752563,1.7775344848632812,1.7746524810791016,1.7718387842178345,1.7690809965133667,1.7665270566940308,1.764052391052246,1.7616302967071533,1.7593363523483276,1.757149577140808,1.7550092935562134,1.7530821561813354,1.7511574029922485,1.7491978406906128,1.7475801706314087,1.7457153797149658,1.7440706491470337,1.7425388097763062,1.7410318851470947,1.7396496534347534,1.7383702993392944,1.7370928525924683,1.7358677387237549,1.73470938205719,1.733523964881897,1.7324581146240234,1.731357216835022,1.7303400039672852,1.7293437719345093,1.7283722162246704,1.727433443069458,1.7264858484268188,1.725710153579712,1.7248796224594116,1.7241216897964478,1.723396897315979,1.7227128744125366,1.72197425365448,1.7213869094848633,1.7207469940185547,1.7200899124145508,1.7194757461547852,1.718867540359497,1.7181705236434937,1.7176170349121094,1.7169703245162964,1.7165189981460571,1.7158647775650024,1.7154124975204468,1.7148298025131226,1.7144107818603516,1.7138363122940063,1.7133808135986328
"<Genome {'input_shape': (3, 32, 32), 'output_feature_depth': 10, 'genes': [<Gene {'node': <ConvNode {'input_shapes': [(3, 32, 32)], '_ConvNode__input_shape': (3, 32, 32), '_ConvNode__output_feature_depth': 32, 'kernel_size': 3}>, 'input_indices': [-1], 'input_shapes': [(3, 32, 32)]}>, <Gene {'node': <AvgPoolNode {'input_shapes': [(32, 32, 32)]}>, 'input_indices': [0], 'input_shapes': [(32, 32, 32)]}>, <Gene {'node': <ConvNode {'input_shapes': [(3, 32, 32)], '_ConvNode__input_shape': (3, 32, 32), '_ConvNode__output_feature_depth': 256, 'kernel_size': 3}>, 'input_indices': [-1], 'input_shapes': [(3, 32, 32)]}>, <Gene {'node': <SumNode {'input_shapes': [(32, 16, 16), (3, 32, 32)]}>, 'input_indices': [1, -1], 'input_shapes': [(32, 16, 16), (3, 32, 32)]}>, <Gene {'node': <ConvNode {'input_shapes': [(3, 32, 32)], '_ConvNode__input_shape': (3, 32, 32), '_ConvNode__output_feature_depth': 256, 'kernel_size': 1}>, 'input_indices': [-1], 'input_shapes': [(3, 32, 32)]}>, <Gene {'node': <MaxPoolNode {'input_shapes': [(256, 32, 32)]}>, 'input_indices': [2], 'input_shapes': [(256, 32, 32)]}>, <Gene {'node': <ConvNode {'input_shapes': [(256, 32, 32)], '_ConvNode__input_shape': (256, 32, 32), '_ConvNode__output_feature_depth': 128, 'kernel_size': 3}>, 'input_indices': [4], 'input_shapes': [(256, 32, 32)]}>, <Gene {'node': <ConvNode {'input_shapes': [(256, 32, 32)], '_ConvNode__input_shape': (256, 32, 32), '_ConvNode__output_feature_depth': 128, 'kernel_size': 1}>, 'input_indices': [2], 'input_shapes': [(256, 32, 32)]}>, <Gene {'node': <MaxPoolNode {'input_shapes': [(128, 32, 32)]}>, 'input_indices': [7], 'input_shapes': [(128, 32, 32)]}>, <Gene {'node': <MaxPoolNode {'input_shapes': [(128, 32, 32)]}>, 'input_indices': [6], 'input_shapes': [(128, 32, 32)]}>]}>",2.413914203643799,1.8832637071609497,1.7909300327301025,1.7256712913513184,1.6695600748062134,1.6234146356582642,1.5790601968765259,1.543992280960083,1.509941816329956,1.479583740234375,1.452580451965332,1.42549729347229,1.4022475481033325,1.381364107131958,1.3567428588867188,1.3350260257720947,1.3176004886627197,1.3009850978851318,1.2823044061660767,1.26231050491333,1.2475390434265137,1.2269374132156372,1.215403437614441,1.1958050727844238,1.181416392326355,1.1693615913391113,1.1529675722122192,1.1386549472808838,1.1226423978805542,1.112566590309143,1.0979948043823242,1.0823856592178345,1.0741026401519775,1.0633213520050049,1.0549107789993286,1.0378193855285645,1.0224783420562744,1.0103070735931396,0.9999701976776123,0.9855899810791016,0.9742954969406128,0.9612534642219543,0.953182578086853,0.9338593482971191,0.9253918528556824,0.9167425036430359,0.8988379240036011,0.8909458518028259,0.875775933265686,0.8677346110343933,0.8533552885055542,0.8407516479492188,0.8362008929252625,0.8273054361343384,0.8200928568840027,0.8028648495674133,0.7938766479492188,0.7877779006958008,0.7810767292976379,0.7747836709022522,0.7650445103645325,0.7579901814460754,0.7474052906036377,0.7405686378479004,0.7327018976211548,0.7307935953140259,0.7128247022628784,0.7145156860351562,0.7113218903541565,0.703007698059082,0.6940790414810181,0.6945959329605103,0.6902478337287903,0.6901723146438599,0.6882655620574951,0.694152295589447,0.6854739785194397,0.6773355007171631,0.6764028072357178,0.6791965365409851,0.6711214184761047,0.6662951111793518,0.6685611605644226,0.6546975374221802,0.6551074981689453,0.6550691723823547,0.657301664352417,0.6654337644577026,0.6632865071296692,0.6612486839294434,0.6523729562759399,0.7054600119590759,0.7253776788711548,0.6242204904556274,0.6213979125022888,0.5961373448371887,0.5997546911239624,0.582045316696167,0.6260465979576111,0.5842594504356384,0.5571902990341187,2.4174656867980957,1.859623908996582,1.7687400579452515,1.7094945907592773,1.658197283744812,1.6208499670028687,1.584456205368042,1.5557239055633545,1.5323479175567627,1.5123132467269897,1.4916168451309204,1.4703432321548462,1.4604883193969727,1.4459948539733887,1.4339308738708496,1.423101782798767,1.4197801351547241,1.4160007238388062,1.4107517004013062,1.404267430305481,1.4072788953781128,1.3951311111450195,1.3962321281433105,1.38790762424469,1.3845529556274414,1.387065052986145,1.3841243982315063,1.3800468444824219,1.3783038854599,1.3788310289382935,1.38144052028656,1.3805828094482422,1.386465311050415,1.3808594942092896,1.3819044828414917,1.3776849508285522,1.3774641752243042,1.3746134042739868,1.379451036453247,1.3737273216247559,1.3719772100448608,1.3702480792999268,1.371044397354126,1.3712996244430542,1.3663079738616943,1.3799422979354858,1.366789698600769,1.3726859092712402,1.3670693635940552,1.3722363710403442,1.3731768131256104,1.3752434253692627,1.3877530097961426,1.3816018104553223,1.3939224481582642,1.3839770555496216,1.386767029762268,1.4002633094787598,1.4067256450653076,1.4191397428512573,1.4153722524642944,1.4255222082138062,1.4313970804214478,1.4509557485580444,1.4548425674438477,1.470697045326233,1.4741357564926147,1.4901001453399658,1.51127028465271,1.5247572660446167,1.529989242553711,1.5416946411132812,1.5491467714309692,1.570442795753479,1.581738829612732,1.6091660261154175,1.63271963596344,1.6330934762954712,1.654089331626892,1.6863993406295776,1.6863311529159546,1.6994692087173462,1.735608458518982,1.713880181312561,1.716766357421875,1.7429598569869995,1.758408546447754,1.7562421560287476,1.772088646888733,1.7943733930587769,1.8005132675170898,1.8631250858306885,1.9353221654891968,1.8496099710464478,1.8525314331054688,1.8599485158920288,1.895232081413269,1.8802744150161743,1.957728624343872,1.9084843397140503,1.8710769414901733
"<Genome {'input_shape': (3, 32, 32), 'output_feature_depth': 10, 'genes': [<Gene {'node': <CatNode {'input_shapes': [(3, 32, 32), (3, 32, 32)]}>, 'input_indices': [-1, -1], 'input_shapes': [(3, 32, 32), (3, 32, 32)]}>, <Gene {'node': <SumNode {'input_shapes': [(3, 32, 32), (3, 32, 32)]}>, 'input_indices': [-1, -1], 'input_shapes': [(3, 32, 32), (3, 32, 32)]}>, <Gene {'node': <DepSepConvNode {'input_shapes': [(3, 32, 32)], '_DepSepConvNode__input_shape': (3, 32, 32), '_DepSepConvNode__output_feature_depth': 32, 'kernel_size': 5}>, 'input_indices': [-1], 'input_shapes': [(3, 32, 32)]}>, <Gene {'node': <SumNode {'input_shapes': [(6, 3, 3), (32, 32, 32)]}>, 'input_indices': [0, 2], 'input_shapes': [(6, 3, 3), (32, 32, 32)]}>, <Gene {'node': <ConvNode {'input_shapes': [(3, 3, 3)], '_ConvNode__input_shape': (3, 3, 3), '_ConvNode__output_feature_depth': 32, 'kernel_size': 3}>, 'input_indices': [1], 'input_shapes': [(3, 3, 3)]}>, <Gene {'node': <ConvNode {'input_shapes': [(32, 32, 32)], '_ConvNode__input_shape': (32, 32, 32), '_ConvNode__output_feature_depth': 64, 'kernel_size': 3}>, 'input_indices': [3], 'input_shapes': [(32, 32, 32)]}>, <Gene {'node': <ConvNode {'input_shapes': [(32, 32, 32)], '_ConvNode__input_shape': (32, 32, 32), '_ConvNode__output_feature_depth': 128, 'kernel_size': 1}>, 'input_indices': [2], 'input_shapes': [(32, 32, 32)]}>, <Gene {'node': <DepSepConvNode {'input_shapes': [(32, 32, 32)], '_DepSepConvNode__input_shape': (32, 32, 32), '_DepSepConvNode__output_feature_depth': 32, 'kernel_size': 3}>, 'input_indices': [3], 'input_shapes': [(32, 32, 32)]}>, <Gene {'node': <ConvNode {'input_shapes': [(6, 3, 3)], '_ConvNode__input_shape': (6, 3, 3), '_ConvNode__output_feature_depth': 32, 'kernel_size': 1}>, 'input_indices': [0], 'input_shapes': [(6, 3, 3)]}>, <Gene {'node': <SumNode {'input_shapes': [(32, 3, 3), (32, 32, 32)]}>, 'input_indices': [4, 2], 'input_shapes': [(32, 3, 3), (32, 32, 32)]}>]}>",3.9826221466064453,1.8569307327270508,1.759609341621399,1.6988805532455444,1.6567249298095703,1.6247150897979736,1.59746253490448,1.5731086730957031,1.5511220693588257,1.530677318572998,1.5121946334838867,1.494627594947815,1.4776771068572998,1.4616109132766724,1.446860909461975,1.4339200258255005,1.4214497804641724,1.4100890159606934,1.3984715938568115,1.3869234323501587,1.3768866062164307,1.366193175315857,1.3566806316375732,1.3467421531677246,1.3368229866027832,1.3278964757919312,1.3196032047271729,1.3099262714385986,1.29715096950531,1.2853714227676392,1.2752617597579956,1.2660892009735107,1.2569997310638428,1.2480756044387817,1.239275336265564,1.2312612533569336,1.2233563661575317,1.216257929801941,1.208785891532898,1.2021557092666626,1.1956044435501099,1.1895779371261597,1.1828051805496216,1.175981879234314,1.169897198677063,1.1633979082107544,1.156665325164795,1.1506080627441406,1.1434061527252197,1.1374882459640503,1.1310266256332397,1.1238713264465332,1.1177176237106323,1.1111209392547607,1.1040337085723877,1.097790002822876,1.0916805267333984,1.085330605506897,1.0812686681747437,1.075670838356018,1.0703965425491333,1.0661877393722534,1.060303807258606,1.0544074773788452,1.049001932144165,1.0446858406066895,1.039850115776062,1.0343056917190552,1.0292131900787354,1.023971438407898,1.0183868408203125,1.0143513679504395,1.0088931322097778,1.004525899887085,1.0012167692184448,0.9955873489379883,0.9906817078590393,0.9863868355751038,0.9817308187484741,0.9748443961143494,0.9696757793426514,0.9646307229995728,0.9600921869277954,0.9555181264877319,0.9502860307693481,0.9444762468338013,0.9381105303764343,0.9326661825180054,0.9275542497634888,0.9203473925590515,0.9156049489974976,0.9098802804946899,0.9043245911598206,0.8977511525154114,0.8923516273498535,0.8860181570053101,0.880926251411438,0.8764516115188599,0.8721730709075928,0.8668005466461182,0.8609880208969116,3.9424245357513428,1.8635872602462769,1.7667442560195923,1.7107998132705688,1.675120234489441,1.6500320434570312,1.6276884078979492,1.607718825340271,1.5908735990524292,1.5749086141586304,1.5614327192306519,1.5481709241867065,1.5360145568847656,1.5243374109268188,1.5134387016296387,1.50474214553833,1.4963958263397217,1.4887574911117554,1.4813895225524902,1.4740519523620605,1.4683632850646973,1.4623008966445923,1.4571919441223145,1.4509888887405396,1.4448589086532593,1.439522385597229,1.4349440336227417,1.428305983543396,1.4194248914718628,1.4098937511444092,1.4041768312454224,1.398697018623352,1.3938034772872925,1.388506531715393,1.3839166164398193,1.3799306154251099,1.3765062093734741,1.3732057809829712,1.3703147172927856,1.3679975271224976,1.3655445575714111,1.363638162612915,1.360880732536316,1.3582508563995361,1.3560606241226196,1.3530024290084839,1.35017728805542,1.348308801651001,1.3456541299819946,1.3441225290298462,1.3411835432052612,1.338558554649353,1.336885690689087,1.3343042135238647,1.331651210784912,1.329053521156311,1.3268797397613525,1.3259443044662476,1.3256659507751465,1.3249253034591675,1.3234871625900269,1.3237324953079224,1.3223907947540283,1.3226205110549927,1.3218759298324585,1.3222217559814453,1.3219026327133179,1.321472406387329,1.3219152688980103,1.3226943016052246,1.322779655456543,1.3247016668319702,1.324888825416565,1.3267401456832886,1.3283528089523315,1.3295567035675049,1.3302143812179565,1.3318203687667847,1.3335264921188354,1.3333417177200317,1.3344758749008179,1.3356819152832031,1.336984634399414,1.338494896888733,1.3391923904418945,1.3410975933074951,1.34245765209198,1.343662977218628,1.3441723585128784,1.3438079357147217,1.3454393148422241,1.3470405340194702,1.3475390672683716,1.348052740097046,1.3491886854171753,1.3494523763656616,1.3504955768585205,1.3523255586624146,1.354779601097107,1.3565011024475098,1.3572447299957275
"<Genome {'input_shape': (3, 32, 32), 'output_feature_depth': 10, 'genes': [<Gene {'node': <SumNode {'input_shapes': [(3, 32, 32), (3, 32, 32)]}>, 'input_indices': [-1, -1], 'input_shapes': [(3, 32, 32), (3, 32, 32)]}>, <Gene {'node': <DepSepConvNode {'input_shapes': [(3, 3, 3)], '_DepSepConvNode__input_shape': (3, 3, 3), '_DepSepConvNode__output_feature_depth': 32, 'kernel_size': 3}>, 'input_indices': [0], 'input_shapes': [(3, 3, 3)]}>, <Gene {'node': <SumNode {'input_shapes': [(3, 32, 32), (32, 3, 3)]}>, 'input_indices': [-1, 1], 'input_shapes': [(3, 32, 32), (32, 3, 3)]}>, <Gene {'node': <ConvNode {'input_shapes': [(3, 3, 3)], '_ConvNode__input_shape': (3, 3, 3), '_ConvNode__output_feature_depth': 32, 'kernel_size': 1}>, 'input_indices': [0], 'input_shapes': [(3, 3, 3)]}>, <Gene {'node': <SumNode {'input_shapes': [(32, 32, 32), (32, 3, 3)]}>, 'input_indices': [2, 3], 'input_shapes': [(32, 32, 32), (32, 3, 3)]}>, <Gene {'node': <DepSepConvNode {'input_shapes': [(32, 3, 3)], '_DepSepConvNode__input_shape': (32, 3, 3), '_DepSepConvNode__output_feature_depth': 32, 'kernel_size': 5}>, 'input_indices': [3], 'input_shapes': [(32, 3, 3)]}>, <Gene {'node': <AvgPoolNode {'input_shapes': [(3, 32, 32)]}>, 'input_indices': [-1], 'input_shapes': [(3, 32, 32)]}>, <Gene {'node': <CatNode {'input_shapes': [(32, 3, 3), (32, 32, 32)]}>, 'input_indices': [3, 4], 'input_shapes': [(32, 3, 3), (32, 32, 32)]}>, <Gene {'node': <ConvNode {'input_shapes': [(3, 3, 3)], '_ConvNode__input_shape': (3, 3, 3), '_ConvNode__output_feature_depth': 32, 'kernel_size': 1}>, 'input_indices': [0], 'input_shapes': [(3, 3, 3)]}>, <Gene {'node': <MaxPoolNode {'input_shapes': [(3, 3, 3)]}>, 'input_indices': [0], 'input_shapes': [(3, 3, 3)]}>]}>",12.573020935058594,2.0438594818115234,1.9719047546386719,1.9409568309783936,1.91785728931427,1.8977439403533936,1.8792502880096436,1.8615942001342773,1.844713568687439,1.8284759521484375,1.8126370906829834,1.7969586849212646,1.7814784049987793,1.7659964561462402,1.7506731748580933,1.7355080842971802,1.7204878330230713,1.7060043811798096,1.6921418905258179,1.67880117893219,1.6659882068634033,1.6535571813583374,1.6416774988174438,1.6300791501998901,1.6190131902694702,1.6080633401870728,1.5976333618164062,1.5875906944274902,1.57735276222229,1.5674293041229248,1.5583616495132446,1.5490094423294067,1.5402069091796875,1.5317232608795166,1.5230450630187988,1.5150911808013916,1.5072720050811768,1.4996172189712524,1.491921305656433,1.484352469444275,1.4771361351013184,1.4698506593704224,1.4627093076705933,1.4557244777679443,1.448996901512146,1.4424631595611572,1.4361612796783447,1.4298324584960938,1.4232639074325562,1.4171453714370728,1.4111483097076416,1.405417799949646,1.3997586965560913,1.3939611911773682,1.3885033130645752,1.3833696842193604,1.378177285194397,1.372907280921936,1.3679717779159546,1.3630578517913818,1.3581870794296265,1.3533536195755005,1.3486188650131226,1.344099521636963,1.3397750854492188,1.3353370428085327,1.3307455778121948,1.3263856172561646,1.3220280408859253,1.3176352977752686,1.3133708238601685,1.309188961982727,1.305265188217163,1.3012574911117554,1.297412633895874,1.293601632118225,1.289739727973938,1.2860543727874756,1.2824022769927979,1.2788569927215576,1.27542245388031,1.2721158266067505,1.2689807415008545,1.2658370733261108,1.2627545595169067,1.2599232196807861,1.2569175958633423,1.2537034749984741,1.250957727432251,1.2481775283813477,1.2455934286117554,1.242990493774414,1.2405030727386475,1.2377961874008179,1.235280156135559,1.2329492568969727,1.2305407524108887,1.2280710935592651,1.225654125213623,1.2232253551483154,1.2208523750305176,12.315852165222168,2.047889471054077,1.9800310134887695,1.9523117542266846,1.9310407638549805,1.9116610288619995,1.89289128780365,1.8748737573623657,1.8572238683700562,1.8404525518417358,1.8238407373428345,1.8076375722885132,1.7921422719955444,1.7770588397979736,1.762384295463562,1.7479244470596313,1.7337658405303955,1.7200828790664673,1.7067950963974,1.694032073020935,1.6817553043365479,1.6696827411651611,1.6583778858184814,1.6477257013320923,1.637677550315857,1.6277210712432861,1.6186941862106323,1.6099814176559448,1.601328730583191,1.5932106971740723,1.5855004787445068,1.5778779983520508,1.5709426403045654,1.5642015933990479,1.5574572086334229,1.5509111881256104,1.5446830987930298,1.5387639999389648,1.5329350233078003,1.5277273654937744,1.5227733850479126,1.5179327726364136,1.5131977796554565,1.508646845817566,1.5040009021759033,1.4992338418960571,1.4944590330123901,1.4897476434707642,1.4849839210510254,1.4809025526046753,1.4765275716781616,1.4726980924606323,1.468865990638733,1.464782953262329,1.460929274559021,1.4573675394058228,1.45364248752594,1.4498882293701172,1.446528434753418,1.443224310874939,1.4404722452163696,1.4374006986618042,1.4340062141418457,1.4310053586959839,1.4285098314285278,1.4260501861572266,1.4233578443527222,1.4209623336791992,1.4187109470367432,1.4160481691360474,1.4138237237930298,1.4115779399871826,1.4094640016555786,1.4070971012115479,1.4051662683486938,1.403310775756836,1.4014767408370972,1.399642825126648,1.3979204893112183,1.396403193473816,1.3946259021759033,1.3930668830871582,1.3917876482009888,1.3904165029525757,1.3896260261535645,1.3884528875350952,1.3870309591293335,1.3857015371322632,1.3842920064926147,1.3832823038101196,1.382351279258728,1.3814136981964111,1.380440592765808,1.3794499635696411,1.3785290718078613,1.3779624700546265,1.3774471282958984,1.3768624067306519,1.3764313459396362,1.3756521940231323,1.3749979734420776
"<Genome {'input_shape': (3, 32, 32), 'output_feature_depth': 10, 'genes': [<Gene {'node': <ConvNode {'input_shapes': [(3, 32, 32)], '_ConvNode__input_shape': (3, 32, 32), '_ConvNode__output_feature_depth': 32, 'kernel_size': 3}>, 'input_indices': [-1], 'input_shapes': [(3, 32, 32)]}>, <Gene {'node': <MaxPoolNode {'input_shapes': [(32, 32, 32)]}>, 'input_indices': [0], 'input_shapes': [(32, 32, 32)]}>, <Gene {'node': <AvgPoolNode {'input_shapes': [(3, 32, 32)]}>, 'input_indices': [-1], 'input_shapes': [(3, 32, 32)]}>, <Gene {'node': <CatNode {'input_shapes': [(32, 16, 16), (3, 32, 32)]}>, 'input_indices': [1, -1], 'input_shapes': [(32, 16, 16), (3, 32, 32)]}>, <Gene {'node': <AvgPoolNode {'input_shapes': [(35, 32, 32)]}>, 'input_indices': [3], 'input_shapes': [(35, 32, 32)]}>, <Gene {'node': <MaxPoolNode {'input_shapes': [(3, 32, 32)]}>, 'input_indices': [-1], 'input_shapes': [(3, 32, 32)]}>, <Gene {'node': <SumNode {'input_shapes': [(35, 32, 32), (3, 16, 16)]}>, 'input_indices': [3, 2], 'input_shapes': [(35, 32, 32), (3, 16, 16)]}>, <Gene {'node': <DepSepConvNode {'input_shapes': [(32, 32, 32)], '_DepSepConvNode__input_shape': (32, 32, 32), '_DepSepConvNode__output_feature_depth': 256, 'kernel_size': 3}>, 'input_indices': [0], 'input_shapes': [(32, 32, 32)]}>, <Gene {'node': <CatNode {'input_shapes': [(3, 16, 16), (32, 32, 32)]}>, 'input_indices': [5, 0], 'input_shapes': [(3, 16, 16), (32, 32, 32)]}>, <Gene {'node': <AvgPoolNode {'input_shapes': [(3, 16, 16)]}>, 'input_indices': [2], 'input_shapes': [(3, 16, 16)]}>]}>",3.064708948135376,1.8646832704544067,1.7705967426300049,1.7027922868728638,1.650443434715271,1.6107808351516724,1.5764877796173096,1.5448323488235474,1.5171635150909424,1.4912693500518799,1.4674392938613892,1.4453274011611938,1.4245105981826782,1.4053651094436646,1.3879435062408447,1.3718067407608032,1.3570913076400757,1.3429627418518066,1.330084204673767,1.3180396556854248,1.3071188926696777,1.2974729537963867,1.2869889736175537,1.2774637937545776,1.2682794332504272,1.2586264610290527,1.2495352029800415,1.2410835027694702,1.232269525527954,1.2238408327102661,1.2145164012908936,1.2062047719955444,1.201904535293579,1.188631296157837,1.1810106039047241,1.1743401288986206,1.1662276983261108,1.1597331762313843,1.1546248197555542,1.148459553718567,1.1403326988220215,1.1330589056015015,1.1287870407104492,1.1235101222991943,1.1162583827972412,1.10956871509552,1.0992698669433594,1.0907227993011475,1.0827761888504028,1.07487154006958,1.0667592287063599,1.0597938299179077,1.051462173461914,1.0456137657165527,1.0391384363174438,1.0331307649612427,1.0254459381103516,1.0183902978897095,1.0109763145446777,1.0040239095687866,0.9954845905303955,0.9879561066627502,0.9829912781715393,0.9753676056861877,0.9703290462493896,0.9639652967453003,0.9600098729133606,0.9537200331687927,0.948266863822937,0.9430003762245178,0.9391683340072632,0.9345254302024841,0.9286014437675476,0.9245917797088623,0.9213031530380249,0.9185163974761963,0.9097920060157776,0.9037471413612366,0.8993503451347351,0.8945878148078918,0.8906202912330627,0.8868572115898132,0.8824249505996704,0.8771058320999146,0.8725287914276123,0.8688998222351074,0.8651403784751892,0.860336184501648,0.8568691611289978,0.8530547618865967,0.847744882106781,0.8426082134246826,0.8619905710220337,0.863247811794281,0.842505156993866,0.8293969035148621,0.8260225057601929,0.8258817791938782,0.8151023387908936,0.8120947480201721,0.8062494993209839,3.0574817657470703,1.841457724571228,1.7534105777740479,1.6944983005523682,1.651489496231079,1.6193090677261353,1.5909143686294556,1.5635356903076172,1.5412825345993042,1.519784927368164,1.4996556043624878,1.48096764087677,1.4636733531951904,1.4487419128417969,1.4359568357467651,1.4246151447296143,1.415269374847412,1.4064674377441406,1.399626612663269,1.3939698934555054,1.3896726369857788,1.3870049715042114,1.383133053779602,1.380467414855957,1.3783754110336304,1.3748440742492676,1.3722037076950073,1.3694545030593872,1.3661490678787231,1.3638691902160645,1.359656572341919,1.3567618131637573,1.3591175079345703,1.3498419523239136,1.3476614952087402,1.3469245433807373,1.3443458080291748,1.3430029153823853,1.343105673789978,1.3418642282485962,1.3380992412567139,1.3357126712799072,1.3358980417251587,1.3355778455734253,1.3340333700180054,1.3320621252059937,1.324900507926941,1.32204008102417,1.32012140750885,1.3174265623092651,1.3148099184036255,1.3140071630477905,1.3118723630905151,1.3130775690078735,1.3116848468780518,1.3117836713790894,1.3111274242401123,1.3089555501937866,1.3085346221923828,1.3089524507522583,1.3089231252670288,1.3107658624649048,1.3134254217147827,1.3140344619750977,1.3169828653335571,1.317602515220642,1.320040225982666,1.322370171546936,1.3248810768127441,1.328703761100769,1.3305411338806152,1.3335959911346436,1.3349770307540894,1.338269591331482,1.3416119813919067,1.346981406211853,1.347695231437683,1.349617838859558,1.3521043062210083,1.355807900428772,1.3588863611221313,1.3641659021377563,1.3687715530395508,1.370559573173523,1.3737668991088867,1.3775585889816284,1.382383942604065,1.3853206634521484,1.388491153717041,1.3936294317245483,1.3957942724227905,1.3977707624435425,1.4208258390426636,1.4257808923721313,1.4139541387557983,1.4099280834197998,1.4120129346847534,1.4193933010101318,1.416054606437683,1.4192298650741577,1.4205697774887085
"<Genome {'input_shape': (3, 32, 32), 'output_feature_depth': 10, 'genes': [<Gene {'node': <DepSepConvNode {'input_shapes': [(3, 32, 32)], '_DepSepConvNode__input_shape': (3, 32, 32), '_DepSepConvNode__output_feature_depth': 64, 'kernel_size': 5}>, 'input_indices': [-1], 'input_shapes': [(3, 32, 32)]}>, <Gene {'node': <CatNode {'input_shapes': [(64, 32, 32), (64, 32, 32)]}>, 'input_indices': [0, 0], 'input_shapes': [(64, 32, 32), (64, 32, 32)]}>, <Gene {'node': <SumNode {'input_shapes': [(64, 32, 32), (64, 32, 32)]}>, 'input_indices': [0, 0], 'input_shapes': [(64, 32, 32), (64, 32, 32)]}>, <Gene {'node': <DepSepConvNode {'input_shapes': [(64, 64, 64)], '_DepSepConvNode__input_shape': (64, 64, 64), '_DepSepConvNode__output_feature_depth': 32, 'kernel_size': 3}>, 'input_indices': [2], 'input_shapes': [(64, 64, 64)]}>, <Gene {'node': <CatNode {'input_shapes': [(128, 64, 64), (64, 64, 64)]}>, 'input_indices': [1, 2], 'input_shapes': [(128, 64, 64), (64, 64, 64)]}>, <Gene {'node': <DepSepConvNode {'input_shapes': [(192, 128, 128)], '_DepSepConvNode__input_shape': (192, 128, 128), '_DepSepConvNode__output_feature_depth': 128, 'kernel_size': 5}>, 'input_indices': [4], 'input_shapes': [(192, 128, 128)]}>, <Gene {'node': <MaxPoolNode {'input_shapes': [(128, 64, 64)]}>, 'input_indices': [1], 'input_shapes': [(128, 64, 64)]}>, <Gene {'node': <ConvNode {'input_shapes': [(32, 64, 64)], '_ConvNode__input_shape': (32, 64, 64), '_ConvNode__output_feature_depth': 256, 'kernel_size': 3}>, 'input_indices': [3], 'input_shapes': [(32, 64, 64)]}>, <Gene {'node': <MaxPoolNode {'input_shapes': [(64, 32, 32)]}>, 'input_indices': [0], 'input_shapes': [(64, 32, 32)]}>, <Gene {'node': <ConvNode {'input_shapes': [(128, 128, 128)], '_ConvNode__input_shape': (128, 128, 128), '_ConvNode__output_feature_depth': 32, 'kernel_size': 1}>, 'input_indices': [5], 'input_shapes': [(128, 128, 128)]}>]}>",7.462523937225342,1.7814176082611084,1.6674778461456299,1.595914363861084,1.5388462543487549,1.490674376487732,1.4499359130859375,1.4166338443756104,1.3858600854873657,1.3554661273956299,1.3259806632995605,1.2961690425872803,1.2669157981872559,1.2399358749389648,1.2132773399353027,1.1853221654891968,1.1591041088104248,1.1341134309768677,1.109413981437683,1.0832676887512207,1.0592036247253418,1.036575198173523,1.0129486322402954,0.9903237223625183,0.9680721759796143,0.9444383382797241,0.921272873878479,0.8985506296157837,0.8759393095970154,0.8530955910682678,0.8300644159317017,0.8074119091033936,0.7847311496734619,0.7612019777297974,0.7384763956069946,0.7164161205291748,0.6927896738052368,0.669668436050415,0.6475272178649902,0.6259645819664001,0.6061015725135803,0.5850010514259338,0.5636889934539795,0.5428047180175781,0.5217195153236389,0.5001825094223022,0.483012855052948,0.4686667323112488,0.4553734064102173,0.4423137307167053,0.43018218874931335,0.41718921065330505,0.39873188734054565,0.38488131761550903,0.3662055730819702,0.3472461700439453,0.32579994201660156,0.3092711567878723,0.29181215167045593,0.2738319933414459,0.25635430216789246,0.241110697388649,0.23047320544719696,0.22060297429561615,0.20714543759822845,0.19732850790023804,0.18977990746498108,0.18293920159339905,0.1789066195487976,0.17269566655158997,0.16429534554481506,0.14789526164531708,0.13759754598140717,0.12875491380691528,0.12826387584209442,0.1325092613697052,0.15449845790863037,0.15669392049312592,0.16039429605007172,0.12647531926631927,0.13042347133159637,0.12179894000291824,0.12672017514705658,0.13967618346214294,0.14087346196174622,0.1434585452079773,0.20079723000526428,0.18102389574050903,0.11174948513507843,0.10419739037752151,0.12397865951061249,0.09784785658121109,0.09456506371498108,0.07633493095636368,0.06592939049005508,0.06103145331144333,0.052821673452854156,0.04922227934002876,0.046044934540987015,0.043321702629327774,0.040723226964473724,7.371154308319092,1.7859516143798828,1.6845401525497437,1.6254169940948486,1.5809109210968018,1.5468723773956299,1.5191491842269897,1.4983209371566772,1.4786700010299683,1.459142804145813,1.4405211210250854,1.4219735860824585,1.4033654928207397,1.386825680732727,1.3707492351531982,1.3549131155014038,1.3420541286468506,1.330976128578186,1.320892333984375,1.3104336261749268,1.3027559518814087,1.2964147329330444,1.290330171585083,1.2841171026229858,1.2791392803192139,1.2740026712417603,1.2704142332077026,1.2669981718063354,1.2648730278015137,1.2616347074508667,1.2600082159042358,1.258675217628479,1.2582032680511475,1.257625937461853,1.2585564851760864,1.2598249912261963,1.2623610496520996,1.266196608543396,1.2718194723129272,1.2787021398544312,1.2888822555541992,1.2968744039535522,1.3051880598068237,1.3119210004806519,1.3187495470046997,1.3233450651168823,1.3320391178131104,1.3419233560562134,1.3541239500045776,1.366000771522522,1.3761712312698364,1.3828792572021484,1.3865797519683838,1.3943217992782593,1.4016764163970947,1.4060214757919312,1.40774405002594,1.4144357442855835,1.4254465103149414,1.4343103170394897,1.4443235397338867,1.4574302434921265,1.4728845357894897,1.4907420873641968,1.507912039756775,1.5317671298980713,1.5543392896652222,1.5716490745544434,1.6043630838394165,1.6358553171157837,1.658465027809143,1.6635068655014038,1.6549351215362549,1.6617364883422852,1.6779152154922485,1.6682014465332031,1.696820616722107,1.725885033607483,1.7483247518539429,1.7353829145431519,1.740977168083191,1.7430744171142578,1.788598656654358,1.8295930624008179,1.8621711730957031,1.9043207168579102,1.928293228149414,1.9050804376602173,1.8656469583511353,1.886299967765808,1.9390467405319214,1.8864163160324097,1.8730970621109009,1.8666399717330933,1.8351808786392212,1.8372318744659424,1.8403719663619995,1.8337748050689697,1.8330376148223877,1.8352264165878296,1.8398176431655884
"<Genome {'input_shape': (3, 32, 32), 'output_feature_depth': 10, 'genes': [<Gene {'node': <AvgPoolNode {'input_shapes': [(3, 32, 32)]}>, 'input_indices': [-1], 'input_shapes': [(3, 32, 32)]}>, <Gene {'node': <SumNode {'input_shapes': [(3, 32, 32), (3, 32, 32)]}>, 'input_indices': [-1, -1], 'input_shapes': [(3, 32, 32), (3, 32, 32)]}>, <Gene {'node': <CatNode {'input_shapes': [(3, 16, 16), (3, 16, 16)]}>, 'input_indices': [0, 0], 'input_shapes': [(3, 16, 16), (3, 16, 16)]}>, <Gene {'node': <ConvNode {'input_shapes': [(3, 16, 16)], '_ConvNode__input_shape': (3, 16, 16), '_ConvNode__output_feature_depth': 128, 'kernel_size': 3}>, 'input_indices': [0], 'input_shapes': [(3, 16, 16)]}>, <Gene {'node': <CatNode {'input_shapes': [(3, 16, 16), (6, 3, 3)]}>, 'input_indices': [0, 2], 'input_shapes': [(3, 16, 16), (6, 3, 3)]}>, <Gene {'node': <SumNode {'input_shapes': [(9, 6, 6), (3, 3, 3)]}>, 'input_indices': [4, 1], 'input_shapes': [(9, 6, 6), (3, 3, 3)]}>, <Gene {'node': <SumNode {'input_shapes': [(9, 9, 9), (3, 16, 16)]}>, 'input_indices': [5, 0], 'input_shapes': [(9, 9, 9), (3, 16, 16)]}>, <Gene {'node': <DepSepConvNode {'input_shapes': [(9, 9, 9)], '_DepSepConvNode__input_shape': (9, 9, 9), '_DepSepConvNode__output_feature_depth': 256, 'kernel_size': 3}>, 'input_indices': [6], 'input_shapes': [(9, 9, 9)]}>, <Gene {'node': <AvgPoolNode {'input_shapes': [(128, 16, 16)]}>, 'input_indices': [3], 'input_shapes': [(128, 16, 16)]}>, <Gene {'node': <AvgPoolNode {'input_shapes': [(6, 3, 3)]}>, 'input_indices': [2], 'input_shapes': [(6, 3, 3)]}>]}>",5.605651378631592,2.029498338699341,1.9947295188903809,1.971474289894104,1.9507532119750977,1.9301981925964355,1.911438226699829,1.8938026428222656,1.876961350440979,1.8606467247009277,1.8451850414276123,1.8304240703582764,1.816331386566162,1.8027712106704712,1.790299892425537,1.7787134647369385,1.7680596113204956,1.7583497762680054,1.7492496967315674,1.740889310836792,1.7330241203308105,1.725671410560608,1.7187060117721558,1.71216881275177,1.7058196067810059,1.6997172832489014,1.6938644647598267,1.6881881952285767,1.6825660467147827,1.677237868309021,1.6720776557922363,1.6671074628829956,1.6622300148010254,1.6575000286102295,1.652715802192688,1.648041844367981,1.6434968709945679,1.6391597986221313,1.6348090171813965,1.6305973529815674,1.6265146732330322,1.6225279569625854,1.6185857057571411,1.6146700382232666,1.6107803583145142,1.6069837808609009,1.6032127141952515,1.5995196104049683,1.5958073139190674,1.592288613319397,1.5885696411132812,1.5849055051803589,1.581322431564331,1.577646255493164,1.5740872621536255,1.5705416202545166,1.5669851303100586,1.5635061264038086,1.5600299835205078,1.5564522743225098,1.5530304908752441,1.5495026111602783,1.5460315942764282,1.5426174402236938,1.5391018390655518,1.535713791847229,1.5323474407196045,1.529092788696289,1.5259342193603516,1.5226742029190063,1.5194981098175049,1.516413688659668,1.5131304264068604,1.5101566314697266,1.5070029497146606,1.504148244857788,1.501089334487915,1.4983283281326294,1.495434284210205,1.4925332069396973,1.489476203918457,1.4867445230484009,1.483864665031433,1.4810192584991455,1.4784495830535889,1.4757556915283203,1.4730592966079712,1.470503807067871,1.467877745628357,1.465368628501892,1.4627115726470947,1.460207462310791,1.4576358795166016,1.4551931619644165,1.4525730609893799,1.4500294923782349,1.4475607872009277,1.4450451135635376,1.4425843954086304,1.4401437044143677,1.4377392530441284,5.7159528732299805,2.0186142921447754,1.9803653955459595,1.9573358297348022,1.9372409582138062,1.9170982837677002,1.898565649986267,1.8809117078781128,1.8636795282363892,1.846814751625061,1.8308391571044922,1.8157070875167847,1.8013916015625,1.7878468036651611,1.7755059003829956,1.7641785144805908,1.7538366317749023,1.744658350944519,1.7360519170761108,1.7281538248062134,1.7208881378173828,1.7140735387802124,1.707600474357605,1.7015336751937866,1.6956398487091064,1.6899471282958984,1.684381127357483,1.6790014505386353,1.673714518547058,1.6687376499176025,1.6638964414596558,1.659192681312561,1.6546982526779175,1.650421142578125,1.6460837125778198,1.6419085264205933,1.637965202331543,1.6342979669570923,1.6307388544082642,1.6276775598526,1.6249134540557861,1.6224952936172485,1.620165228843689,1.6180084943771362,1.615923285484314,1.6138546466827393,1.6118181943893433,1.6098612546920776,1.608007788658142,1.6063131093978882,1.6044048070907593,1.6024595499038696,1.6004877090454102,1.5983742475509644,1.5963714122772217,1.5943360328674316,1.5924524068832397,1.5904369354248047,1.5884870290756226,1.5865646600723267,1.584764838218689,1.58281409740448,1.5808449983596802,1.5788053274154663,1.5769054889678955,1.5750328302383423,1.5732297897338867,1.571451187133789,1.5698111057281494,1.5678409337997437,1.566100001335144,1.5644464492797852,1.5624322891235352,1.5608450174331665,1.5589219331741333,1.5574253797531128,1.5556105375289917,1.5543020963668823,1.5525445938110352,1.550782561302185,1.5489147901535034,1.54742431640625,1.545700192451477,1.5439664125442505,1.5426477193832397,1.5409679412841797,1.5393387079238892,1.5378650426864624,1.5363675355911255,1.53496253490448,1.5334323644638062,1.5320048332214355,1.5304021835327148,1.52895987033844,1.5272632837295532,1.5258640050888062,1.524528980255127,1.5229824781417847,1.521572470664978,1.5200992822647095,1.5186717510223389
"<Genome {'input_shape': (3, 32, 32), 'output_feature_depth': 10, 'genes': [<Gene {'node': <DepSepConvNode {'input_shapes': [(3, 32, 32)], '_DepSepConvNode__input_shape': (3, 32, 32), '_DepSepConvNode__output_feature_depth': 32, 'kernel_size': 5}>, 'input_indices': [-1], 'input_shapes': [(3, 32, 32)]}>, <Gene {'node': <DepSepConvNode {'input_shapes': [(3, 32, 32)], '_DepSepConvNode__input_shape': (3, 32, 32), '_DepSepConvNode__output_feature_depth': 32, 'kernel_size': 5}>, 'input_indices': [-1], 'input_shapes': [(3, 32, 32)]}>, <Gene {'node': <SumNode {'input_shapes': [(3, 32, 32), (3, 32, 32)]}>, 'input_indices': [-1, -1], 'input_shapes': [(3, 32, 32), (3, 32, 32)]}>, <Gene {'node': <ConvNode {'input_shapes': [(32, 32, 32)], '_ConvNode__input_shape': (32, 32, 32), '_ConvNode__output_feature_depth': 64, 'kernel_size': 3}>, 'input_indices': [0], 'input_shapes': [(32, 32, 32)]}>, <Gene {'node': <CatNode {'input_shapes': [(3, 32, 32), (32, 32, 32)]}>, 'input_indices': [-1, 0], 'input_shapes': [(3, 32, 32), (32, 32, 32)]}>, <Gene {'node': <MaxPoolNode {'input_shapes': [(64, 32, 32)]}>, 'input_indices': [3], 'input_shapes': [(64, 32, 32)]}>, <Gene {'node': <MaxPoolNode {'input_shapes': [(64, 16, 16)]}>, 'input_indices': [5], 'input_shapes': [(64, 16, 16)]}>, <Gene {'node': <AvgPoolNode {'input_shapes': [(3, 32, 32)]}>, 'input_indices': [-1], 'input_shapes': [(3, 32, 32)]}>, <Gene {'node': <DepSepConvNode {'input_shapes': [(64, 16, 16)], '_DepSepConvNode__input_shape': (64, 16, 16), '_DepSepConvNode__output_feature_depth': 64, 'kernel_size': 5}>, 'input_indices': [5], 'input_shapes': [(64, 16, 16)]}>, <Gene {'node': <CatNode {'input_shapes': [(64, 32, 32), (32, 32, 32)]}>, 'input_indices': [3, 0], 'input_shapes': [(64, 32, 32), (32, 32, 32)]}>]}>",4.678623676300049,1.9399704933166504,1.846470832824707,1.7824831008911133,1.7270172834396362,1.6812098026275635,1.6410813331604004,1.6060830354690552,1.5748554468154907,1.5430998802185059,1.5148446559906006,1.4869707822799683,1.4606728553771973,1.4384323358535767,1.4174423217773438,1.397912859916687,1.3821052312850952,1.3660061359405518,1.3501451015472412,1.3334441184997559,1.3165349960327148,1.3007527589797974,1.2851746082305908,1.2705206871032715,1.255605697631836,1.2417136430740356,1.2272260189056396,1.2117270231246948,1.1980061531066895,1.1845537424087524,1.171730875968933,1.1591354608535767,1.1467777490615845,1.1349886655807495,1.1235307455062866,1.112571358680725,1.1024906635284424,1.0894488096237183,1.0790551900863647,1.0700803995132446,1.059754729270935,1.049127221107483,1.039955735206604,1.0302804708480835,1.0196285247802734,1.0087149143218994,0.9992464780807495,0.9906591176986694,0.9835266470909119,0.9710338115692139,0.9625862240791321,0.9532806873321533,0.9452518224716187,0.9376112222671509,0.9289533495903015,0.9194601774215698,0.9090338945388794,0.8956791758537292,0.8877099752426147,0.8800631165504456,0.8690889477729797,0.8610263466835022,0.8536556959152222,0.8468196392059326,0.8406276702880859,0.8312388062477112,0.8230979442596436,0.8175573945045471,0.8070176839828491,0.8007320761680603,0.7920313477516174,0.7828641533851624,0.7717898488044739,0.7679972648620605,0.7624495625495911,0.7573978304862976,0.7554317116737366,0.7453340291976929,0.7476575374603271,0.7436875700950623,0.74542635679245,0.7424659132957458,0.7386401891708374,0.7362645864486694,0.725236177444458,0.7377044558525085,0.7543290853500366,0.7548021078109741,0.7373532652854919,0.7353081107139587,0.7194665670394897,0.7150614857673645,0.7032561302185059,0.6913894414901733,0.6803811192512512,0.6654725074768066,0.6460869312286377,0.6285510063171387,0.6156792640686035,0.6049171686172485,0.5984892249107361,4.523624897003174,1.8997215032577515,1.7989853620529175,1.7315021753311157,1.6768505573272705,1.63458251953125,1.5988452434539795,1.567421317100525,1.5402371883392334,1.5113954544067383,1.4867491722106934,1.4620112180709839,1.4397081136703491,1.422507882118225,1.4076966047286987,1.3955657482147217,1.3847678899765015,1.3756064176559448,1.3670276403427124,1.357811450958252,1.3485107421875,1.3407689332962036,1.3329051733016968,1.3254250288009644,1.3183650970458984,1.3125946521759033,1.3065658807754517,1.2997363805770874,1.2954214811325073,1.291306972503662,1.2881169319152832,1.2842053174972534,1.2816256284713745,1.2790405750274658,1.2754546403884888,1.2739334106445312,1.2743524312973022,1.272491693496704,1.2723853588104248,1.2732747793197632,1.2743786573410034,1.2731162309646606,1.2752643823623657,1.2774509191513062,1.2783122062683105,1.2787351608276367,1.2804278135299683,1.282533049583435,1.2850804328918457,1.2837291955947876,1.2848048210144043,1.2853670120239258,1.289170265197754,1.2934650182724,1.295960783958435,1.2978031635284424,1.2992085218429565,1.2948837280273438,1.2976936101913452,1.3007616996765137,1.3018404245376587,1.3057591915130615,1.3092609643936157,1.316494345664978,1.3220254182815552,1.32461678981781,1.330285906791687,1.338606595993042,1.3391302824020386,1.3479083776474,1.3508204221725464,1.3522955179214478,1.3505346775054932,1.3608238697052002,1.3677711486816406,1.3790359497070312,1.3946796655654907,1.3978819847106934,1.4149128198623657,1.4257984161376953,1.4463998079299927,1.4609549045562744,1.4766463041305542,1.4934167861938477,1.4931182861328125,1.5286420583724976,1.5636333227157593,1.5829813480377197,1.5748964548110962,1.5819193124771118,1.5725494623184204,1.5863373279571533,1.5861778259277344,1.5852478742599487,1.5863966941833496,1.5819987058639526,1.5742416381835938,1.5687217712402344,1.5680526494979858,1.570865511894226,1.5853443145751953
"<Genome {'input_shape': (3, 32, 32), 'output_feature_depth': 10, 'genes': [<Gene {'node': <CatNode {'input_shapes': [(3, 32, 32), (3, 32, 32)]}>, 'input_indices': [-1, -1], 'input_shapes': [(3, 32, 32), (3, 32, 32)]}>, <Gene {'node': <CatNode {'input_shapes': [(3, 32, 32), (3, 32, 32)]}>, 'input_indices': [-1, -1], 'input_shapes': [(3, 32, 32), (3, 32, 32)]}>, <Gene {'node': <AvgPoolNode {'input_shapes': [(6, 3, 3)]}>, 'input_indices': [0], 'input_shapes': [(6, 3, 3)]}>, <Gene {'node': <ConvNode {'input_shapes': [(6, 3, 3)], '_ConvNode__input_shape': (6, 3, 3), '_ConvNode__output_feature_depth': 64, 'kernel_size': 1}>, 'input_indices': [0], 'input_shapes': [(6, 3, 3)]}>, <Gene {'node': <ConvNode {'input_shapes': [(3, 32, 32)], '_ConvNode__input_shape': (3, 32, 32), '_ConvNode__output_feature_depth': 128, 'kernel_size': 3}>, 'input_indices': [-1], 'input_shapes': [(3, 32, 32)]}>, <Gene {'node': <DepSepConvNode {'input_shapes': [(6, 1, 1)], '_DepSepConvNode__input_shape': (6, 1, 1), '_DepSepConvNode__output_feature_depth': 64, 'kernel_size': 3}>, 'input_indices': [2], 'input_shapes': [(6, 1, 1)]}>, <Gene {'node': <CatNode {'input_shapes': [(6, 3, 3), (64, 3, 3)]}>, 'input_indices': [0, 3], 'input_shapes': [(6, 3, 3), (64, 3, 3)]}>, <Gene {'node': <SumNode {'input_shapes': [(64, 1, 1), (3, 32, 32)]}>, 'input_indices': [5, -1], 'input_shapes': [(64, 1, 1), (3, 32, 32)]}>, <Gene {'node': <SumNode {'input_shapes': [(64, 64, 64), (64, 1, 1)]}>, 'input_indices': [7, 5], 'input_shapes': [(64, 64, 64), (64, 1, 1)]}>, <Gene {'node': <AvgPoolNode {'input_shapes': [(6, 3, 3)]}>, 'input_indices': [1], 'input_shapes': [(6, 3, 3)]}>]}>",3.6955554485321045,1.985495924949646,1.9203771352767944,1.8762105703353882,1.8380178213119507,1.8064333200454712,1.7776105403900146,1.7518996000289917,1.7283810377120972,1.7073471546173096,1.688514232635498,1.670931339263916,1.6541768312454224,1.6380600929260254,1.624186635017395,1.6117796897888184,1.5994772911071777,1.587689757347107,1.5772428512573242,1.567536473274231,1.558809757232666,1.550385594367981,1.5412447452545166,1.5340288877487183,1.526748538017273,1.5197588205337524,1.5134594440460205,1.5072150230407715,1.5012627840042114,1.4953769445419312,1.4898681640625,1.484459638595581,1.4792040586471558,1.4742337465286255,1.4694007635116577,1.464807152748108,1.460107684135437,1.4556939601898193,1.4510658979415894,1.4470847845077515,1.4432545900344849,1.4391803741455078,1.4351539611816406,1.4320050477981567,1.427483320236206,1.4247665405273438,1.4210032224655151,1.4182525873184204,1.4144389629364014,1.411767840385437,1.4077476263046265,1.4052519798278809,1.4010646343231201,1.3987387418746948,1.3950763940811157,1.3928437232971191,1.3888812065124512,1.3870116472244263,1.3840547800064087,1.381159782409668,1.3782557249069214,1.3757827281951904,1.37240469455719,1.369929552078247,1.3670586347579956,1.3646364212036133,1.36173677444458,1.3597805500030518,1.3571149110794067,1.3549433946609497,1.351883888244629,1.350289225578308,1.3473683595657349,1.3454123735427856,1.3425236940383911,1.3408349752426147,1.337738275527954,1.336120843887329,1.333393931388855,1.3312797546386719,1.3290501832962036,1.32669997215271,1.3247392177581787,1.322283148765564,1.320391058921814,1.3179960250854492,1.3165044784545898,1.3141804933547974,1.3125052452087402,1.310320258140564,1.3085709810256958,1.3065136671066284,1.305371880531311,1.3023524284362793,1.3010878562927246,1.2989431619644165,1.2977977991104126,1.2948447465896606,1.2937216758728027,1.2910919189453125,1.2902415990829468,3.6456894874572754,1.9733326435089111,1.8998851776123047,1.8532854318618774,1.8160574436187744,1.7869735956192017,1.7623251676559448,1.7397918701171875,1.7187601327896118,1.7011152505874634,1.6853227615356445,1.6704353094100952,1.6572250127792358,1.6446335315704346,1.6329933404922485,1.623365044593811,1.6144837141036987,1.6057024002075195,1.598811388015747,1.59274423122406,1.5871185064315796,1.582595705986023,1.5752547979354858,1.572696328163147,1.5682636499404907,1.5643261671066284,1.5610531568527222,1.5582364797592163,1.5553569793701172,1.5531446933746338,1.5510283708572388,1.5479645729064941,1.5454920530319214,1.5415339469909668,1.5394035577774048,1.5358989238739014,1.5337655544281006,1.5304455757141113,1.5281704664230347,1.5251550674438477,1.5238628387451172,1.5205035209655762,1.5190165042877197,1.5166300535202026,1.514246940612793,1.51217782497406,1.511171579360962,1.5088608264923096,1.5078849792480469,1.5056662559509277,1.504043459892273,1.5024617910385132,1.499954342842102,1.4991928339004517,1.4969969987869263,1.4963150024414062,1.4937418699264526,1.4940813779830933,1.4927242994308472,1.4912710189819336,1.4901078939437866,1.4888697862625122,1.4868627786636353,1.4859782457351685,1.484312891960144,1.4834182262420654,1.4814475774765015,1.4812543392181396,1.4797029495239258,1.4784594774246216,1.4762420654296875,1.475461721420288,1.4736405611038208,1.472322702407837,1.4702969789505005,1.4697703123092651,1.4678112268447876,1.4673340320587158,1.4658749103546143,1.4651498794555664,1.464018702507019,1.4626569747924805,1.4622634649276733,1.4611896276474,1.4607495069503784,1.4593079090118408,1.4594026803970337,1.4583940505981445,1.4581118822097778,1.4575399160385132,1.4559861421585083,1.456291675567627,1.4558264017105103,1.4537605047225952,1.4537273645401,1.4537092447280884,1.454633355140686,1.452260971069336,1.4531235694885254,1.451540470123291,1.4524760246276855
"<Genome {'input_shape': (3, 32, 32), 'output_feature_depth': 10, 'genes': [<Gene {'node': <AvgPoolNode {'input_shapes': [(3, 32, 32)]}>, 'input_indices': [-1], 'input_shapes': [(3, 32, 32)]}>, <Gene {'node': <AvgPoolNode {'input_shapes': [(3, 16, 16)]}>, 'input_indices': [0], 'input_shapes': [(3, 16, 16)]}>, <Gene {'node': <CatNode {'input_shapes': [(3, 32, 32), (3, 8, 8)]}>, 'input_indices': [-1, 1], 'input_shapes': [(3, 32, 32), (3, 8, 8)]}>, <Gene {'node': <SumNode {'input_shapes': [(6, 3, 3), (3, 16, 16)]}>, 'input_indices': [2, 0], 'input_shapes': [(6, 3, 3), (3, 16, 16)]}>, <Gene {'node': <DepSepConvNode {'input_shapes': [(6, 6, 6)], '_DepSepConvNode__input_shape': (6, 6, 6), '_DepSepConvNode__output_feature_depth': 256, 'kernel_size': 5}>, 'input_indices': [3], 'input_shapes': [(6, 6, 6)]}>, <Gene {'node': <DepSepConvNode {'input_shapes': [(3, 32, 32)], '_DepSepConvNode__input_shape': (3, 32, 32), '_DepSepConvNode__output_feature_depth': 64, 'kernel_size': 5}>, 'input_indices': [-1], 'input_shapes': [(3, 32, 32)]}>, <Gene {'node': <AvgPoolNode {'input_shapes': [(3, 8, 8)]}>, 'input_indices': [1], 'input_shapes': [(3, 8, 8)]}>, <Gene {'node': <ConvNode {'input_shapes': [(256, 6, 6)], '_ConvNode__input_shape': (256, 6, 6), '_ConvNode__output_feature_depth': 32, 'kernel_size': 3}>, 'input_indices': [4], 'input_shapes': [(256, 6, 6)]}>, <Gene {'node': <AvgPoolNode {'input_shapes': [(3, 16, 16)]}>, 'input_indices': [0], 'input_shapes': [(3, 16, 16)]}>, <Gene {'node': <CatNode {'input_shapes': [(3, 8, 8), (6, 3, 3)]}>, 'input_indices': [1, 2], 'input_shapes': [(3, 8, 8), (6, 3, 3)]}>]}>",4.335284233093262,1.9793208837509155,1.8954417705535889,1.8238327503204346,1.770963191986084,1.7306715250015259,1.6994452476501465,1.6726094484329224,1.64921236038208,1.6288447380065918,1.6103366613388062,1.593275547027588,1.5780786275863647,1.563624382019043,1.5492496490478516,1.5348378419876099,1.52032470703125,1.506386637687683,1.4923902750015259,1.4796607494354248,1.4668601751327515,1.453957200050354,1.441688895225525,1.428508996963501,1.4159942865371704,1.4032213687896729,1.3908071517944336,1.3783100843429565,1.366694688796997,1.3547158241271973,1.344736099243164,1.3344128131866455,1.324013590812683,1.3144590854644775,1.3049415349960327,1.29562246799469,1.2861454486846924,1.2771937847137451,1.2694118022918701,1.2610421180725098,1.2523691654205322,1.2441381216049194,1.2348843812942505,1.226622223854065,1.2181379795074463,1.209938645362854,1.2013972997665405,1.1927677392959595,1.1856842041015625,1.1777788400650024,1.171650767326355,1.1641771793365479,1.1565660238265991,1.1476026773452759,1.1395480632781982,1.131592869758606,1.1244033575057983,1.1158411502838135,1.1091011762619019,1.1035457849502563,1.0965080261230469,1.0891119241714478,1.0811195373535156,1.0732932090759277,1.0656070709228516,1.0586750507354736,1.0507315397262573,1.0435397624969482,1.0364097356796265,1.0288220643997192,1.0224363803863525,1.0152196884155273,1.0093181133270264,1.0037468671798706,0.9968237280845642,0.990186870098114,0.9846263527870178,0.9773179888725281,0.9719031453132629,0.9674164056777954,0.9620890617370605,0.9552955031394958,0.949514627456665,0.9447791576385498,0.9381148815155029,0.9316211342811584,0.9259448647499084,0.9202080965042114,0.9159666299819946,0.9120356440544128,0.9066463112831116,0.9005445241928101,0.8932427763938904,0.8893707394599915,0.8824838399887085,0.8780458569526672,0.8734387159347534,0.8682839274406433,0.8629595637321472,0.8590731620788574,0.8558225035667419,4.199118614196777,1.9591659307479858,1.8716286420822144,1.8025602102279663,1.7533162832260132,1.7150154113769531,1.6863590478897095,1.6633487939834595,1.6449167728424072,1.6305302381515503,1.617348313331604,1.60506272315979,1.5936970710754395,1.5830196142196655,1.5724915266036987,1.5614956617355347,1.5497570037841797,1.5381072759628296,1.5272048711776733,1.5176098346710205,1.5082091093063354,1.499189853668213,1.4901354312896729,1.480448603630066,1.47194504737854,1.463194727897644,1.4547885656356812,1.4467426538467407,1.4395034313201904,1.4327515363693237,1.4285138845443726,1.423535704612732,1.4181379079818726,1.4139891862869263,1.4105743169784546,1.4065932035446167,1.4030910730361938,1.4000033140182495,1.3982174396514893,1.3956180810928345,1.393728256225586,1.3917032480239868,1.3887741565704346,1.3871797323226929,1.3844342231750488,1.3835657835006714,1.3819923400878906,1.3807755708694458,1.3796778917312622,1.378869891166687,1.3800710439682007,1.3794195652008057,1.3780887126922607,1.3753749132156372,1.3746761083602905,1.373043417930603,1.3727655410766602,1.3713397979736328,1.3719491958618164,1.3732913732528687,1.3731307983398438,1.3735408782958984,1.372840404510498,1.3730114698410034,1.3708369731903076,1.3712490797042847,1.3695470094680786,1.368585467338562,1.3679207563400269,1.3670756816864014,1.3665306568145752,1.3652318716049194,1.367721438407898,1.3687556982040405,1.367976188659668,1.367977499961853,1.3690195083618164,1.3683934211730957,1.3693362474441528,1.3719301223754883,1.3726036548614502,1.3721590042114258,1.3728927373886108,1.3753494024276733,1.3751437664031982,1.3772209882736206,1.3769397735595703,1.3785337209701538,1.3811100721359253,1.3832439184188843,1.3835333585739136,1.3840751647949219,1.3856743574142456,1.3875668048858643,1.3881231546401978,1.393893837928772,1.3964016437530518,1.399889588356018,1.4011305570602417,1.4040948152542114,1.4077752828598022
"<Genome {'input_shape': (3, 32, 32), 'output_feature_depth': 10, 'genes': [<Gene {'node': <AvgPoolNode {'input_shapes': [(3, 32, 32)]}>, 'input_indices': [-1], 'input_shapes': [(3, 32, 32)]}>, <Gene {'node': <CatNode {'input_shapes': [(3, 32, 32), (3, 32, 32)]}>, 'input_indices': [-1, -1], 'input_shapes': [(3, 32, 32), (3, 32, 32)]}>, <Gene {'node': <CatNode {'input_shapes': [(3, 32, 32), (3, 32, 32)]}>, 'input_indices': [-1, -1], 'input_shapes': [(3, 32, 32), (3, 32, 32)]}>, <Gene {'node': <AvgPoolNode {'input_shapes': [(3, 16, 16)]}>, 'input_indices': [0], 'input_shapes': [(3, 16, 16)]}>, <Gene {'node': <ConvNode {'input_shapes': [(6, 3, 3)], '_ConvNode__input_shape': (6, 3, 3), '_ConvNode__output_feature_depth': 32, 'kernel_size': 3}>, 'input_indices': [1], 'input_shapes': [(6, 3, 3)]}>, <Gene {'node': <SumNode {'input_shapes': [(6, 3, 3), (32, 3, 3)]}>, 'input_indices': [1, 4], 'input_shapes': [(6, 3, 3), (32, 3, 3)]}>, <Gene {'node': <SumNode {'input_shapes': [(3, 32, 32), (6, 3, 3)]}>, 'input_indices': [-1, 1], 'input_shapes': [(3, 32, 32), (6, 3, 3)]}>, <Gene {'node': <MaxPoolNode {'input_shapes': [(6, 3, 3)]}>, 'input_indices': [1], 'input_shapes': [(6, 3, 3)]}>, <Gene {'node': <DepSepConvNode {'input_shapes': [(3, 32, 32)], '_DepSepConvNode__input_shape': (3, 32, 32), '_DepSepConvNode__output_feature_depth': 128, 'kernel_size': 3}>, 'input_indices': [-1], 'input_shapes': [(3, 32, 32)]}>, <Gene {'node': <AvgPoolNode {'input_shapes': [(6, 3, 3)]}>, 'input_indices': [2], 'input_shapes': [(6, 3, 3)]}>]}>",2.801968812942505,1.9635361433029175,1.8867942094802856,1.8392870426177979,1.8035759925842285,1.7753729820251465,1.7528622150421143,1.7344179153442383,1.7190794944763184,1.7064660787582397,1.6953859329223633,1.6855063438415527,1.6765538454055786,1.6688235998153687,1.6610954999923706,1.6535924673080444,1.6469541788101196,1.640208125114441,1.6337647438049316,1.6273895502090454,1.6209038496017456,1.6143183708190918,1.607887864112854,1.6014195680618286,1.5953612327575684,1.5895441770553589,1.584098219871521,1.5783215761184692,1.5727301836013794,1.567621111869812,1.5629488229751587,1.5580825805664062,1.5536092519760132,1.5496572256088257,1.5454872846603394,1.542171597480774,1.5383411645889282,1.5357985496520996,1.5337368249893188,1.5296120643615723,1.5276468992233276,1.5250929594039917,1.5192492008209229,1.5163538455963135,1.5125020742416382,1.5087701082229614,1.50661301612854,1.5040793418884277,1.5002752542495728,1.4980318546295166,1.4945546388626099,1.4909676313400269,1.4861558675765991,1.4824848175048828,1.479642391204834,1.4757734537124634,1.4730998277664185,1.470596194267273,1.4676878452301025,1.464916467666626,1.4623786211013794,1.4598063230514526,1.4575403928756714,1.4551985263824463,1.45281183719635,1.4504754543304443,1.4484152793884277,1.4460926055908203,1.443976879119873,1.441873550415039,1.4398890733718872,1.4374710321426392,1.4355286359786987,1.4336185455322266,1.4316400289535522,1.4295789003372192,1.4275552034378052,1.4257609844207764,1.4238688945770264,1.4221450090408325,1.4204622507095337,1.4188222885131836,1.4170233011245728,1.4153368473052979,1.41386878490448,1.4124890565872192,1.41106379032135,1.409649133682251,1.4080754518508911,1.4066975116729736,1.4052733182907104,1.4038068056106567,1.4024633169174194,1.4009041786193848,1.3994829654693604,1.3981777429580688,1.396851658821106,1.3956120014190674,1.3943202495574951,1.3929529190063477,1.3916640281677246,2.7378480434417725,1.948588252067566,1.8664133548736572,1.8161468505859375,1.7787522077560425,1.7508457899093628,1.7298452854156494,1.714419960975647,1.7024662494659424,1.692129135131836,1.6831016540527344,1.6755322217941284,1.668622612953186,1.663203239440918,1.6567519903182983,1.6503288745880127,1.6455090045928955,1.6387121677398682,1.6326478719711304,1.6269819736480713,1.6208504438400269,1.6147794723510742,1.6090868711471558,1.604469656944275,1.5994266271591187,1.5953890085220337,1.5917010307312012,1.5874214172363281,1.5832322835922241,1.5793052911758423,1.575846552848816,1.5717493295669556,1.5681244134902954,1.565345287322998,1.5619250535964966,1.559700608253479,1.5569593906402588,1.555551528930664,1.554423213005066,1.551715612411499,1.5506356954574585,1.5492260456085205,1.5453230142593384,1.5439252853393555,1.5417670011520386,1.5395148992538452,1.5386446714401245,1.5373998880386353,1.5354158878326416,1.5341618061065674,1.5318455696105957,1.5294278860092163,1.5260870456695557,1.523685336112976,1.521558165550232,1.5186402797698975,1.5169914960861206,1.5154829025268555,1.513576865196228,1.511879324913025,1.5104460716247559,1.5088108777999878,1.5075784921646118,1.506012201309204,1.5045703649520874,1.5029897689819336,1.5017642974853516,1.50035560131073,1.4990333318710327,1.4977492094039917,1.4966793060302734,1.4952011108398438,1.4942378997802734,1.4930893182754517,1.492056965827942,1.4907077550888062,1.4895268678665161,1.4884346723556519,1.4873363971710205,1.486430048942566,1.4855358600616455,1.4846992492675781,1.483646035194397,1.482700228691101,1.48197340965271,1.4814428091049194,1.4807188510894775,1.4800585508346558,1.4792321920394897,1.4785542488098145,1.4776626825332642,1.4767483472824097,1.47594153881073,1.4749120473861694,1.4741240739822388,1.4733227491378784,1.4725232124328613,1.471667766571045,1.4708632230758667,1.4700545072555542,1.469419240951538
"<Genome {'input_shape': (3, 32, 32), 'output_feature_depth': 10, 'genes': [<Gene {'node': <DepSepConvNode {'input_shapes': [(3, 32, 32)], '_DepSepConvNode__input_shape': (3, 32, 32), '_DepSepConvNode__output_feature_depth': 64, 'kernel_size': 3}>, 'input_indices': [-1], 'input_shapes': [(3, 32, 32)]}>, <Gene {'node': <AvgPoolNode {'input_shapes': [(64, 32, 32)]}>, 'input_indices': [0], 'input_shapes': [(64, 32, 32)]}>, <Gene {'node': <DepSepConvNode {'input_shapes': [(64, 32, 32)], '_DepSepConvNode__input_shape': (64, 32, 32), '_DepSepConvNode__output_feature_depth': 256, 'kernel_size': 3}>, 'input_indices': [0], 'input_shapes': [(64, 32, 32)]}>, <Gene {'node': <ConvNode {'input_shapes': [(3, 32, 32)], '_ConvNode__input_shape': (3, 32, 32), '_ConvNode__output_feature_depth': 256, 'kernel_size': 3}>, 'input_indices': [-1], 'input_shapes': [(3, 32, 32)]}>, <Gene {'node': <SumNode {'input_shapes': [(64, 32, 32), (3, 32, 32)]}>, 'input_indices': [0, -1], 'input_shapes': [(64, 32, 32), (3, 32, 32)]}>, <Gene {'node': <CatNode {'input_shapes': [(256, 32, 32), (64, 16, 16)]}>, 'input_indices': [2, 1], 'input_shapes': [(256, 32, 32), (64, 16, 16)]}>, <Gene {'node': <DepSepConvNode {'input_shapes': [(64, 16, 16)], '_DepSepConvNode__input_shape': (64, 16, 16), '_DepSepConvNode__output_feature_depth': 256, 'kernel_size': 5}>, 'input_indices': [1], 'input_shapes': [(64, 16, 16)]}>, <Gene {'node': <AvgPoolNode {'input_shapes': [(256, 16, 16)]}>, 'input_indices': [6], 'input_shapes': [(256, 16, 16)]}>, <Gene {'node': <SumNode {'input_shapes': [(64, 64, 64), (64, 32, 32)]}>, 'input_indices': [4, 0], 'input_shapes': [(64, 64, 64), (64, 32, 32)]}>, <Gene {'node': <CatNode {'input_shapes': [(3, 32, 32), (64, 32, 32)]}>, 'input_indices': [-1, 0], 'input_shapes': [(3, 32, 32), (64, 32, 32)]}>]}>",4.072846412658691,1.8520272970199585,1.7399262189865112,1.6649894714355469,1.6119147539138794,1.5699567794799805,1.5323055982589722,1.4988493919372559,1.4677882194519043,1.4395736455917358,1.414446234703064,1.3909450769424438,1.3686556816101074,1.3491780757904053,1.3309719562530518,1.314108967781067,1.2978216409683228,1.2825497388839722,1.2677841186523438,1.2534399032592773,1.2398009300231934,1.2263377904891968,1.214247703552246,1.2014600038528442,1.1899093389511108,1.176952838897705,1.1658072471618652,1.1538431644439697,1.1420615911483765,1.1298238039016724,1.1169852018356323,1.1057145595550537,1.0938265323638916,1.0822278261184692,1.070597529411316,1.0593571662902832,1.0485386848449707,1.0378601551055908,1.027748703956604,1.0162479877471924,1.0061607360839844,0.9958065748214722,0.9855095744132996,0.9751997590065002,0.9644704461097717,0.9541870951652527,0.9442405700683594,0.9347012042999268,0.9257974028587341,0.9160110950469971,0.9071575999259949,0.8986352682113647,0.8905321359634399,0.8820987343788147,0.8750051856040955,0.8672401905059814,0.8583544492721558,0.849708080291748,0.8407124280929565,0.833421528339386,0.8246641755104065,0.8172679543495178,0.8099355101585388,0.8032025694847107,0.7960975766181946,0.7880627512931824,0.7811347246170044,0.7725902199745178,0.7651703953742981,0.7579178214073181,0.750722348690033,0.7422932386398315,0.7359014749526978,0.7276176810264587,0.7195699214935303,0.7127390503883362,0.7055633068084717,0.6993507742881775,0.6935902833938599,0.6867591142654419,0.6818618178367615,0.6758346557617188,0.6706686615943909,0.6623770594596863,0.6564056277275085,0.6488498449325562,0.6425830721855164,0.6388248801231384,0.6328113079071045,0.6268601417541504,0.6199801564216614,0.6163812875747681,0.6101891398429871,0.6058689951896667,0.6022486686706543,0.5982900857925415,0.5930915474891663,0.5877828001976013,0.5842747092247009,0.5767500400543213,0.5725868940353394,4.082004547119141,1.834041953086853,1.7256830930709839,1.6563138961791992,1.6081255674362183,1.5716490745544434,1.5392836332321167,1.5103933811187744,1.483188509941101,1.4587219953536987,1.4381431341171265,1.4198325872421265,1.4030542373657227,1.3889610767364502,1.3762681484222412,1.3642735481262207,1.3530926704406738,1.342831015586853,1.3333675861358643,1.3241691589355469,1.3157237768173218,1.3077412843704224,1.2998801469802856,1.2929062843322754,1.286686897277832,1.2791367769241333,1.2734017372131348,1.2669028043746948,1.261773943901062,1.2561081647872925,1.2496936321258545,1.244288682937622,1.2393989562988281,1.2344474792480469,1.228552222251892,1.2239927053451538,1.2194569110870361,1.215776801109314,1.2121031284332275,1.2083059549331665,1.2052053213119507,1.2015584707260132,1.198797583580017,1.1957849264144897,1.1937025785446167,1.1913551092147827,1.1888946294784546,1.1869261264801025,1.1857805252075195,1.1840466260910034,1.182766318321228,1.1818588972091675,1.1811845302581787,1.1804344654083252,1.1808844804763794,1.1805264949798584,1.1792653799057007,1.177780032157898,1.1769721508026123,1.1758215427398682,1.1743836402893066,1.1737884283065796,1.1736539602279663,1.174802303314209,1.1747119426727295,1.1739736795425415,1.173120141029358,1.1721934080123901,1.1719502210617065,1.1718262434005737,1.1720244884490967,1.170237421989441,1.1698863506317139,1.1690338850021362,1.1675347089767456,1.1669508218765259,1.166821837425232,1.1672554016113281,1.1682956218719482,1.1685261726379395,1.1701881885528564,1.170581340789795,1.1729938983917236,1.1716854572296143,1.1708945035934448,1.169843316078186,1.1700986623764038,1.1739550828933716,1.1720672845840454,1.1734464168548584,1.1733685731887817,1.176815390586853,1.1774742603302002,1.1808533668518066,1.1842626333236694,1.1853418350219727,1.1875261068344116,1.1900479793548584,1.192436695098877,1.1926034688949585,1.1959831714630127
"<Genome {'input_shape': (3, 32, 32), 'output_feature_depth': 10, 'genes': [<Gene {'node': <CatNode {'input_shapes': [(3, 32, 32), (3, 32, 32)]}>, 'input_indices': [-1, -1], 'input_shapes': [(3, 32, 32), (3, 32, 32)]}>, <Gene {'node': <SumNode {'input_shapes': [(3, 32, 32), (3, 32, 32)]}>, 'input_indices': [-1, -1], 'input_shapes': [(3, 32, 32), (3, 32, 32)]}>, <Gene {'node': <ConvNode {'input_shapes': [(3, 3, 3)], '_ConvNode__input_shape': (3, 3, 3), '_ConvNode__output_feature_depth': 32, 'kernel_size': 1}>, 'input_indices': [1], 'input_shapes': [(3, 3, 3)]}>, <Gene {'node': <SumNode {'input_shapes': [(6, 3, 3), (3, 3, 3)]}>, 'input_indices': [0, 1], 'input_shapes': [(6, 3, 3), (3, 3, 3)]}>, <Gene {'node': <AvgPoolNode {'input_shapes': [(3, 3, 3)]}>, 'input_indices': [1], 'input_shapes': [(3, 3, 3)]}>, <Gene {'node': <CatNode {'input_shapes': [(3, 32, 32), (3, 3, 3)]}>, 'input_indices': [-1, 1], 'input_shapes': [(3, 32, 32), (3, 3, 3)]}>, <Gene {'node': <AvgPoolNode {'input_shapes': [(3, 32, 32)]}>, 'input_indices': [-1], 'input_shapes': [(3, 32, 32)]}>, <Gene {'node': <ConvNode {'input_shapes': [(3, 3, 3)], '_ConvNode__input_shape': (3, 3, 3), '_ConvNode__output_feature_depth': 32, 'kernel_size': 3}>, 'input_indices': [1], 'input_shapes': [(3, 3, 3)]}>, <Gene {'node': <ConvNode {'input_shapes': [(32, 3, 3)], '_ConvNode__input_shape': (32, 3, 3), '_ConvNode__output_feature_depth': 128, 'kernel_size': 3}>, 'input_indices': [2], 'input_shapes': [(32, 3, 3)]}>, <Gene {'node': <AvgPoolNode {'input_shapes': [(3, 3, 3)]}>, 'input_indices': [1], 'input_shapes': [(3, 3, 3)]}>]}>",5.1894707679748535,1.926784634590149,1.8659471273422241,1.8138985633850098,1.7689982652664185,1.734816074371338,1.7064517736434937,1.6832948923110962,1.6588447093963623,1.637648344039917,1.619941234588623,1.6018987894058228,1.5832401514053345,1.5649056434631348,1.5487349033355713,1.5356320142745972,1.5213778018951416,1.5084713697433472,1.493047833442688,1.4801236391067505,1.466945767402649,1.4539357423782349,1.441312551498413,1.429194450378418,1.4180585145950317,1.4073556661605835,1.4001190662384033,1.386927843093872,1.376649260520935,1.3650280237197876,1.3571439981460571,1.3453092575073242,1.3379002809524536,1.3258415460586548,1.3183866739273071,1.3072354793548584,1.2996796369552612,1.2919950485229492,1.2862155437469482,1.2797586917877197,1.2711315155029297,1.264631986618042,1.256450891494751,1.2507253885269165,1.2451969385147095,1.2409042119979858,1.234710693359375,1.2305619716644287,1.2255845069885254,1.2215453386306763,1.2146611213684082,1.2115737199783325,1.2064719200134277,1.2010602951049805,1.198146939277649,1.1916197538375854,1.188690185546875,1.1844346523284912,1.179280400276184,1.1768838167190552,1.1724902391433716,1.168026089668274,1.1640592813491821,1.1596083641052246,1.1556779146194458,1.1514947414398193,1.1456489562988281,1.1418238878250122,1.1366523504257202,1.133251667022705,1.1280876398086548,1.1255366802215576,1.1214754581451416,1.1161751747131348,1.1153236627578735,1.1079665422439575,1.1077443361282349,1.1016087532043457,1.0998934507369995,1.095423936843872,1.0914653539657593,1.0899460315704346,1.0865586996078491,1.0834813117980957,1.0788745880126953,1.0770654678344727,1.0740201473236084,1.0714830160140991,1.0683205127716064,1.0659925937652588,1.0633273124694824,1.0609326362609863,1.0577129125595093,1.0551763772964478,1.052064061164856,1.0499480962753296,1.0460952520370483,1.0427730083465576,1.0399632453918457,1.0359786748886108,1.035138487815857,4.994575023651123,1.9177258014678955,1.8601467609405518,1.8117417097091675,1.767247200012207,1.7344309091567993,1.7058361768722534,1.682803988456726,1.6623821258544922,1.6466209888458252,1.6331175565719604,1.6173841953277588,1.604744791984558,1.5926178693771362,1.583506464958191,1.575337290763855,1.565575122833252,1.5583381652832031,1.5507169961929321,1.5434304475784302,1.537235140800476,1.5298629999160767,1.5271022319793701,1.5213476419448853,1.5154414176940918,1.5113757848739624,1.5075688362121582,1.5024629831314087,1.4968687295913696,1.4927210807800293,1.489307165145874,1.4842143058776855,1.481614351272583,1.476959466934204,1.4748034477233887,1.4705077409744263,1.47053861618042,1.470931053161621,1.4714481830596924,1.4736493825912476,1.4708465337753296,1.4719711542129517,1.469902753829956,1.4706974029541016,1.4688166379928589,1.4700695276260376,1.4698245525360107,1.4718652963638306,1.4737037420272827,1.475034236907959,1.4739670753479004,1.4779345989227295,1.4779547452926636,1.4743283987045288,1.4776692390441895,1.4735050201416016,1.476150393486023,1.474446177482605,1.4724515676498413,1.4751681089401245,1.4739145040512085,1.4741860628128052,1.4743924140930176,1.4742813110351562,1.4743517637252808,1.4751765727996826,1.4749257564544678,1.4772822856903076,1.4780739545822144,1.478540062904358,1.4771084785461426,1.480059027671814,1.4814943075180054,1.4797652959823608,1.487900972366333,1.4804420471191406,1.4857643842697144,1.4833484888076782,1.4856780767440796,1.4873803853988647,1.4880388975143433,1.4934386014938354,1.4923566579818726,1.498332142829895,1.4965975284576416,1.5019553899765015,1.503982424736023,1.5067554712295532,1.5092734098434448,1.5134717226028442,1.5163140296936035,1.5193110704421997,1.521208643913269,1.523630976676941,1.5254616737365723,1.5247684717178345,1.5260050296783447,1.5264676809310913,1.5267261266708374,1.527984619140625,1.5270072221755981
"<Genome {'input_shape': (3, 32, 32), 'output_feature_depth': 10, 'genes': [<Gene {'node': <DepSepConvNode {'input_shapes': [(3, 32, 32)], '_DepSepConvNode__input_shape': (3, 32, 32), '_DepSepConvNode__output_feature_depth': 64, 'kernel_size': 3}>, 'input_indices': [-1], 'input_shapes': [(3, 32, 32)]}>, <Gene {'node': <DepSepConvNode {'input_shapes': [(3, 32, 32)], '_DepSepConvNode__input_shape': (3, 32, 32), '_DepSepConvNode__output_feature_depth': 64, 'kernel_size': 5}>, 'input_indices': [-1], 'input_shapes': [(3, 32, 32)]}>, <Gene {'node': <MaxPoolNode {'input_shapes': [(64, 32, 32)]}>, 'input_indices': [0], 'input_shapes': [(64, 32, 32)]}>, <Gene {'node': <SumNode {'input_shapes': [(64, 32, 32), (3, 32, 32)]}>, 'input_indices': [1, -1], 'input_shapes': [(64, 32, 32), (3, 32, 32)]}>, <Gene {'node': <SumNode {'input_shapes': [(64, 32, 32), (64, 64, 64)]}>, 'input_indices': [1, 3], 'input_shapes': [(64, 32, 32), (64, 64, 64)]}>, <Gene {'node': <AvgPoolNode {'input_shapes': [(64, 64, 64)]}>, 'input_indices': [3], 'input_shapes': [(64, 64, 64)]}>, <Gene {'node': <CatNode {'input_shapes': [(64, 32, 32), (64, 64, 64)]}>, 'input_indices': [5, 4], 'input_shapes': [(64, 32, 32), (64, 64, 64)]}>, <Gene {'node': <DepSepConvNode {'input_shapes': [(64, 32, 32)], '_DepSepConvNode__input_shape': (64, 32, 32), '_DepSepConvNode__output_feature_depth': 256, 'kernel_size': 3}>, 'input_indices': [1], 'input_shapes': [(64, 32, 32)]}>, <Gene {'node': <MaxPoolNode {'input_shapes': [(3, 32, 32)]}>, 'input_indices': [-1], 'input_shapes': [(3, 32, 32)]}>, <Gene {'node': <MaxPoolNode {'input_shapes': [(64, 64, 64)]}>, 'input_indices': [4], 'input_shapes': [(64, 64, 64)]}>]}>",6.089939594268799,1.9494378566741943,1.875210165977478,1.8293720483779907,1.794299840927124,1.7636680603027344,1.7345607280731201,1.7069109678268433,1.6803419589996338,1.6559052467346191,1.6332987546920776,1.6121070384979248,1.592232346534729,1.5730299949645996,1.5548908710479736,1.5375055074691772,1.5208454132080078,1.5044256448745728,1.4883780479431152,1.4729441404342651,1.45638108253479,1.4408713579177856,1.425290584564209,1.410075068473816,1.3950430154800415,1.3805620670318604,1.3665027618408203,1.3529964685440063,1.340436339378357,1.3279362916946411,1.3159205913543701,1.304139494895935,1.2927017211914062,1.2820457220077515,1.2714741230010986,1.2607747316360474,1.2515337467193604,1.2413386106491089,1.2319436073303223,1.222190022468567,1.2125959396362305,1.2032482624053955,1.194222092628479,1.1846343278884888,1.175743579864502,1.1673400402069092,1.1592316627502441,1.1509983539581299,1.1428166627883911,1.135193943977356,1.127477765083313,1.1197969913482666,1.112416386604309,1.1057454347610474,1.0986971855163574,1.091581106185913,1.0848238468170166,1.07823646068573,1.072371244430542,1.0663813352584839,1.0601304769515991,1.0539700984954834,1.0479700565338135,1.0419610738754272,1.0364848375320435,1.0310252904891968,1.0253561735153198,1.0197715759277344,1.0146554708480835,1.0096265077590942,1.0041165351867676,0.9992074966430664,0.9939638376235962,0.9891523122787476,0.9845425486564636,0.9799542427062988,0.9746332168579102,0.9697280526161194,0.9642565846443176,0.9602637887001038,0.9549789428710938,0.9504058957099915,0.9457854628562927,0.9419681429862976,0.936669111251831,0.9321147799491882,0.927466094493866,0.9237686395645142,0.9199033975601196,0.9149850010871887,0.910933792591095,0.9069344401359558,0.9022571444511414,0.8980306386947632,0.8943501710891724,0.8902097344398499,0.8862578868865967,0.8828835487365723,0.8786612153053284,0.8755444884300232,0.8719810843467712,5.97074031829834,1.951133131980896,1.8768913745880127,1.8320690393447876,1.7995811700820923,1.7722705602645874,1.7472566366195679,1.7240921258926392,1.7024908065795898,1.6831474304199219,1.666194200515747,1.6515830755233765,1.6381826400756836,1.626072883605957,1.614909052848816,1.6043890714645386,1.594875693321228,1.586113452911377,1.5772337913513184,1.5695838928222656,1.5603595972061157,1.5520966053009033,1.5431681871414185,1.5345510244369507,1.5264997482299805,1.5187853574752808,1.511245608329773,1.5039609670639038,1.4974764585494995,1.4914979934692383,1.4857735633850098,1.4796974658966064,1.4739655256271362,1.4690831899642944,1.4643332958221436,1.4596089124679565,1.4566631317138672,1.4526900053024292,1.450208067893982,1.447351336479187,1.4446828365325928,1.4410940408706665,1.4380561113357544,1.4344781637191772,1.431599736213684,1.429479718208313,1.4272011518478394,1.4242112636566162,1.4217281341552734,1.419429063796997,1.4174050092697144,1.4147790670394897,1.4121454954147339,1.411582589149475,1.4100655317306519,1.4082074165344238,1.4062477350234985,1.404643177986145,1.4037808179855347,1.4030139446258545,1.4011648893356323,1.3995426893234253,1.398979663848877,1.3972434997558594,1.396551489830017,1.3961236476898193,1.3952730894088745,1.3932713270187378,1.3922039270401,1.3916722536087036,1.389973759651184,1.3896864652633667,1.3890366554260254,1.3884292840957642,1.3885949850082397,1.3889182806015015,1.388073205947876,1.388314127922058,1.388051152229309,1.3893911838531494,1.3893852233886719,1.3901947736740112,1.390047550201416,1.39024817943573,1.3889667987823486,1.3891080617904663,1.3889349699020386,1.3900116682052612,1.3910905122756958,1.3914928436279297,1.3930490016937256,1.3958381414413452,1.3966554403305054,1.3980823755264282,1.4006255865097046,1.402799129486084,1.4050580263137817,1.4065529108047485,1.40781831741333,1.4090059995651245,1.411285161972046
"<Genome {'input_shape': (3, 32, 32), 'output_feature_depth': 10, 'genes': [<Gene {'node': <CatNode {'input_shapes': [(3, 32, 32), (3, 32, 32)]}>, 'input_indices': [-1, -1], 'input_shapes': [(3, 32, 32), (3, 32, 32)]}>, <Gene {'node': <SumNode {'input_shapes': [(6, 3, 3), (3, 32, 32)]}>, 'input_indices': [0, -1], 'input_shapes': [(6, 3, 3), (3, 32, 32)]}>, <Gene {'node': <CatNode {'input_shapes': [(3, 32, 32), (6, 3, 3)]}>, 'input_indices': [-1, 0], 'input_shapes': [(3, 32, 32), (6, 3, 3)]}>, <Gene {'node': <DepSepConvNode {'input_shapes': [(6, 3, 3)], '_DepSepConvNode__input_shape': (6, 3, 3), '_DepSepConvNode__output_feature_depth': 64, 'kernel_size': 5}>, 'input_indices': [0], 'input_shapes': [(6, 3, 3)]}>, <Gene {'node': <DepSepConvNode {'input_shapes': [(6, 6, 6)], '_DepSepConvNode__input_shape': (6, 6, 6), '_DepSepConvNode__output_feature_depth': 64, 'kernel_size': 5}>, 'input_indices': [1], 'input_shapes': [(6, 6, 6)]}>, <Gene {'node': <ConvNode {'input_shapes': [(3, 32, 32)], '_ConvNode__input_shape': (3, 32, 32), '_ConvNode__output_feature_depth': 32, 'kernel_size': 3}>, 'input_indices': [-1], 'input_shapes': [(3, 32, 32)]}>, <Gene {'node': <CatNode {'input_shapes': [(64, 3, 3), (64, 3, 3)]}>, 'input_indices': [3, 3], 'input_shapes': [(64, 3, 3), (64, 3, 3)]}>, <Gene {'node': <CatNode {'input_shapes': [(6, 3, 3), (64, 3, 3)]}>, 'input_indices': [0, 3], 'input_shapes': [(6, 3, 3), (64, 3, 3)]}>, <Gene {'node': <MaxPoolNode {'input_shapes': [(128, 64, 64)]}>, 'input_indices': [6], 'input_shapes': [(128, 64, 64)]}>, <Gene {'node': <MaxPoolNode {'input_shapes': [(6, 3, 3)]}>, 'input_indices': [0], 'input_shapes': [(6, 3, 3)]}>]}>",3.860081434249878,2.002103567123413,1.9175217151641846,1.863469123840332,1.8174012899398804,1.7790595293045044,1.7477222681045532,1.721544623374939,1.6997058391571045,1.6808853149414062,1.6645240783691406,1.6500118970870972,1.6364259719848633,1.6238181591033936,1.611905574798584,1.6009211540222168,1.5902091264724731,1.5798375606536865,1.5693321228027344,1.5594011545181274,1.5500593185424805,1.5410290956497192,1.5325031280517578,1.524538516998291,1.5169302225112915,1.509606122970581,1.5028190612792969,1.4963011741638184,1.489997386932373,1.4836878776550293,1.4778971672058105,1.4721357822418213,1.4666712284088135,1.4614851474761963,1.4564833641052246,1.4517163038253784,1.4470793008804321,1.4425859451293945,1.4383416175842285,1.4343079328536987,1.4303785562515259,1.4265055656433105,1.4227148294448853,1.4190925359725952,1.4156279563903809,1.4120923280715942,1.4090259075164795,1.4060970544815063,1.403198480606079,1.400349736213684,1.3972302675247192,1.3941028118133545,1.3911211490631104,1.3884491920471191,1.3859827518463135,1.3835768699645996,1.380989670753479,1.3786849975585938,1.3761348724365234,1.3738120794296265,1.3715250492095947,1.3694026470184326,1.3671499490737915,1.3649107217788696,1.3621540069580078,1.3601311445236206,1.3580220937728882,1.356406569480896,1.3540475368499756,1.3520872592926025,1.3500926494598389,1.3487621545791626,1.34617280960083,1.3443089723587036,1.342692255973816,1.3407756090164185,1.33884859085083,1.3370472192764282,1.3351587057113647,1.333358645439148,1.3314152956008911,1.329666018486023,1.3279154300689697,1.3261128664016724,1.3244332075119019,1.322848916053772,1.3211904764175415,1.3196061849594116,1.317940354347229,1.3162498474121094,1.3145326375961304,1.3127981424331665,1.3112680912017822,1.3097096681594849,1.308053731918335,1.3064758777618408,1.304593801498413,1.3029762506484985,1.3018532991409302,1.3001813888549805,1.298551082611084,3.8282525539398193,1.9960540533065796,1.9025776386260986,1.8448898792266846,1.7961256504058838,1.7564042806625366,1.7246792316436768,1.6986998319625854,1.6779279708862305,1.6610068082809448,1.646750807762146,1.6344770193099976,1.6229065656661987,1.6125484704971313,1.6024748086929321,1.5936834812164307,1.585300326347351,1.5773711204528809,1.5688800811767578,1.5606664419174194,1.552903175354004,1.5458170175552368,1.5392297506332397,1.5332406759262085,1.5270987749099731,1.5211507081985474,1.5157934427261353,1.510693073272705,1.5058344602584839,1.5011066198349,1.4966232776641846,1.4923542737960815,1.488328456878662,1.4847335815429688,1.481444001197815,1.4785960912704468,1.4754770994186401,1.4724080562591553,1.4696992635726929,1.4672127962112427,1.464799165725708,1.4625900983810425,1.460128664970398,1.4582064151763916,1.4565662145614624,1.454674243927002,1.4534062147140503,1.4522113800048828,1.4511765241622925,1.4500750303268433,1.4484785795211792,1.446822166442871,1.445493221282959,1.4442676305770874,1.4424692392349243,1.441064476966858,1.4395197629928589,1.43832528591156,1.4369521141052246,1.435762882232666,1.4347710609436035,1.4337481260299683,1.4325908422470093,1.4314353466033936,1.4298982620239258,1.4290878772735596,1.428256869316101,1.4276453256607056,1.4268242120742798,1.426094889640808,1.4252763986587524,1.424673318862915,1.4238299131393433,1.4227410554885864,1.4223331212997437,1.4216150045394897,1.4207857847213745,1.419904112815857,1.4188388586044312,1.4178998470306396,1.4168747663497925,1.4156668186187744,1.4151360988616943,1.4141572713851929,1.4133057594299316,1.4122751951217651,1.4113900661468506,1.410553216934204,1.4096788167953491,1.4086933135986328,1.407602071762085,1.406722068786621,1.4058947563171387,1.405218482017517,1.4043142795562744,1.4035547971725464,1.4024862051010132,1.4016648530960083,1.4013657569885254,1.3999871015548706,1.3992079496383667
"<Genome {'input_shape': (3, 32, 32), 'output_feature_depth': 10, 'genes': [<Gene {'node': <DepSepConvNode {'input_shapes': [(3, 32, 32)], '_DepSepConvNode__input_shape': (3, 32, 32), '_DepSepConvNode__output_feature_depth': 64, 'kernel_size': 5}>, 'input_indices': [-1], 'input_shapes': [(3, 32, 32)]}>, <Gene {'node': <SumNode {'input_shapes': [(3, 32, 32), (64, 32, 32)]}>, 'input_indices': [-1, 0], 'input_shapes': [(3, 32, 32), (64, 32, 32)]}>, <Gene {'node': <MaxPoolNode {'input_shapes': [(64, 32, 32)]}>, 'input_indices': [0], 'input_shapes': [(64, 32, 32)]}>, <Gene {'node': <MaxPoolNode {'input_shapes': [(64, 16, 16)]}>, 'input_indices': [2], 'input_shapes': [(64, 16, 16)]}>, <Gene {'node': <MaxPoolNode {'input_shapes': [(64, 64, 64)]}>, 'input_indices': [1], 'input_shapes': [(64, 64, 64)]}>, <Gene {'node': <MaxPoolNode {'input_shapes': [(3, 32, 32)]}>, 'input_indices': [-1], 'input_shapes': [(3, 32, 32)]}>, <Gene {'node': <SumNode {'input_shapes': [(3, 16, 16), (64, 32, 32)]}>, 'input_indices': [5, 4], 'input_shapes': [(3, 16, 16), (64, 32, 32)]}>, <Gene {'node': <CatNode {'input_shapes': [(3, 32, 32), (64, 64, 64)]}>, 'input_indices': [-1, 6], 'input_shapes': [(3, 32, 32), (64, 64, 64)]}>, <Gene {'node': <AvgPoolNode {'input_shapes': [(3, 16, 16)]}>, 'input_indices': [5], 'input_shapes': [(3, 16, 16)]}>, <Gene {'node': <DepSepConvNode {'input_shapes': [(3, 32, 32)], '_DepSepConvNode__input_shape': (3, 32, 32), '_DepSepConvNode__output_feature_depth': 256, 'kernel_size': 5}>, 'input_indices': [-1], 'input_shapes': [(3, 32, 32)]}>]}>",3.286403179168701,2.0079615116119385,1.9390931129455566,1.9005917310714722,1.8741273880004883,1.8540459871292114,1.8373386859893799,1.8221418857574463,1.8081403970718384,1.794764757156372,1.7819252014160156,1.7698026895523071,1.7583513259887695,1.747536063194275,1.7375266551971436,1.727975845336914,1.7186827659606934,1.7098431587219238,1.701707124710083,1.6940757036209106,1.6867647171020508,1.6797758340835571,1.6728626489639282,1.6663981676101685,1.6599904298782349,1.65381920337677,1.6479213237762451,1.6422837972640991,1.636806607246399,1.6315172910690308,1.626104474067688,1.6207150220870972,1.6156569719314575,1.6108232736587524,1.6061232089996338,1.6016854047775269,1.5974115133285522,1.5933456420898438,1.5894172191619873,1.5858153104782104,1.5819764137268066,1.5785834789276123,1.5753252506256104,1.5720833539962769,1.5687520503997803,1.5657143592834473,1.5627473592758179,1.55991792678833,1.557137370109558,1.554088830947876,1.5512211322784424,1.5480486154556274,1.5452996492385864,1.5425642728805542,1.5397241115570068,1.5375276803970337,1.5349397659301758,1.532203197479248,1.5294426679611206,1.5268446207046509,1.5250144004821777,1.522470474243164,1.5205917358398438,1.5186043977737427,1.516743540763855,1.5146801471710205,1.5125324726104736,1.510665774345398,1.508750557899475,1.507172703742981,1.5053904056549072,1.5032206773757935,1.501426100730896,1.4998127222061157,1.498348355293274,1.4967972040176392,1.4948174953460693,1.4930357933044434,1.4915680885314941,1.4900462627410889,1.4886647462844849,1.487338662147522,1.486058235168457,1.4845380783081055,1.483157753944397,1.4815539121627808,1.4801427125930786,1.4788850545883179,1.4776537418365479,1.4762599468231201,1.4749654531478882,1.4738006591796875,1.4727064371109009,1.4714789390563965,1.470367431640625,1.4689180850982666,1.4678303003311157,1.4664008617401123,1.4652396440505981,1.4640535116195679,1.463288426399231,3.1952686309814453,1.9925707578659058,1.9247134923934937,1.889049768447876,1.8661623001098633,1.8493684530258179,1.8359003067016602,1.8239774703979492,1.8127806186676025,1.8019756078720093,1.7918224334716797,1.7825567722320557,1.7738922834396362,1.7657021284103394,1.7582975625991821,1.751166582107544,1.743991494178772,1.7373098134994507,1.7313722372055054,1.7261087894439697,1.7208929061889648,1.7161321640014648,1.711329460144043,1.7068836688995361,1.7023496627807617,1.6980558633804321,1.69414222240448,1.6902703046798706,1.6866298913955688,1.6830686330795288,1.6794376373291016,1.6760059595108032,1.6727479696273804,1.6700382232666016,1.6671470403671265,1.6647289991378784,1.6623696088790894,1.660331130027771,1.6583305597305298,1.6567169427871704,1.654707908630371,1.6531978845596313,1.651806116104126,1.6503143310546875,1.648889422416687,1.6476236581802368,1.6463161706924438,1.645349144935608,1.6443394422531128,1.6430046558380127,1.6418945789337158,1.640414834022522,1.6399319171905518,1.6394237279891968,1.6384884119033813,1.6382359266281128,1.6374555826187134,1.6365493535995483,1.6355451345443726,1.6345680952072144,1.6347659826278687,1.6335700750350952,1.6333258152008057,1.6328257322311401,1.6325591802597046,1.631768822669983,1.6310447454452515,1.6305932998657227,1.6300842761993408,1.6299647092819214,1.629312515258789,1.6284782886505127,1.6278507709503174,1.6274594068527222,1.6271507740020752,1.626961350440979,1.6260782480239868,1.6254953145980835,1.6252154111862183,1.6247323751449585,1.624532699584961,1.6244179010391235,1.6242163181304932,1.6237362623214722,1.6235414743423462,1.6231268644332886,1.622835397720337,1.6228281259536743,1.622754693031311,1.6224260330200195,1.6223465204238892,1.6222333908081055,1.6222143173217773,1.621977686882019,1.6219139099121094,1.621425986289978,1.6212810277938843,1.6207935810089111,1.6206175088882446,1.6204077005386353,1.6205863952636719
"<Genome {'input_shape': (3, 32, 32), 'output_feature_depth': 10, 'genes': [<Gene {'node': <AvgPoolNode {'input_shapes': [(3, 32, 32)]}>, 'input_indices': [-1], 'input_shapes': [(3, 32, 32)]}>, <Gene {'node': <DepSepConvNode {'input_shapes': [(3, 32, 32)], '_DepSepConvNode__input_shape': (3, 32, 32), '_DepSepConvNode__output_feature_depth': 256, 'kernel_size': 5}>, 'input_indices': [-1], 'input_shapes': [(3, 32, 32)]}>, <Gene {'node': <AvgPoolNode {'input_shapes': [(256, 32, 32)]}>, 'input_indices': [1], 'input_shapes': [(256, 32, 32)]}>, <Gene {'node': <SumNode {'input_shapes': [(3, 32, 32), (256, 16, 16)]}>, 'input_indices': [-1, 2], 'input_shapes': [(3, 32, 32), (256, 16, 16)]}>, <Gene {'node': <SumNode {'input_shapes': [(3, 16, 16), (3, 32, 32)]}>, 'input_indices': [0, -1], 'input_shapes': [(3, 16, 16), (3, 32, 32)]}>, <Gene {'node': <SumNode {'input_shapes': [(256, 32, 32), (3, 16, 16)]}>, 'input_indices': [1, 0], 'input_shapes': [(256, 32, 32), (3, 16, 16)]}>, <Gene {'node': <DepSepConvNode {'input_shapes': [(256, 256, 256)], '_DepSepConvNode__input_shape': (256, 256, 256), '_DepSepConvNode__output_feature_depth': 128, 'kernel_size': 5}>, 'input_indices': [3], 'input_shapes': [(256, 256, 256)]}>, <Gene {'node': <AvgPoolNode {'input_shapes': [(3, 32, 32)]}>, 'input_indices': [-1], 'input_shapes': [(3, 32, 32)]}>, <Gene {'node': <SumNode {'input_shapes': [(3, 16, 16), (256, 256, 256)]}>, 'input_indices': [0, 3], 'input_shapes': [(3, 16, 16), (256, 256, 256)]}>, <Gene {'node': <SumNode {'input_shapes': [(3, 16, 16), (3, 16, 16)]}>, 'input_indices': [7, 0], 'input_shapes': [(3, 16, 16), (3, 16, 16)]}>]}>",4.583463668823242,1.9504610300064087,1.866050124168396,1.813226342201233,1.769148349761963,1.7278457880020142,1.6898971796035767,1.6547855138778687,1.6212809085845947,1.5896131992340088,1.5588603019714355,1.529534101486206,1.4999827146530151,1.4725141525268555,1.4464797973632812,1.4213018417358398,1.3976539373397827,1.3749784231185913,1.3525718450546265,1.3323032855987549,1.3112945556640625,1.291420340538025,1.2723408937454224,1.2528703212738037,1.2330220937728882,1.2157349586486816,1.1973321437835693,1.1802831888198853,1.1633445024490356,1.1476627588272095,1.1320390701293945,1.1158356666564941,1.1009553670883179,1.0865830183029175,1.0711865425109863,1.0555440187454224,1.0427449941635132,1.0282858610153198,1.0146126747131348,1.0013277530670166,0.9874958992004395,0.9742491841316223,0.960548996925354,0.9474945068359375,0.9347395300865173,0.9212145805358887,0.9086451530456543,0.8946936130523682,0.8818009495735168,0.8670129776000977,0.8556849956512451,0.8385705947875977,0.8231732845306396,0.8074330687522888,0.7933264970779419,0.7785382866859436,0.7665697336196899,0.7540217041969299,0.7400544285774231,0.7242935299873352,0.7129762768745422,0.7030243873596191,0.6898607015609741,0.6754224896430969,0.6608096361160278,0.6490868926048279,0.6377092599868774,0.6257191896438599,0.6156420707702637,0.6071327924728394,0.5956519246101379,0.5913286805152893,0.5805171728134155,0.5797241926193237,0.5676789283752441,0.5666429996490479,0.559502124786377,0.5565825700759888,0.5552511811256409,0.5424912571907043,0.5369153618812561,0.5262969732284546,0.5147345066070557,0.5052618980407715,0.4957391321659088,0.48891258239746094,0.4836392104625702,0.47971272468566895,0.4721616208553314,0.46129918098449707,0.4503633379936218,0.4420754909515381,0.4346024990081787,0.42471009492874146,0.41899940371513367,0.41363951563835144,0.4059447944164276,0.39404407143592834,0.385471910238266,0.3770558834075928,0.3701574206352234,4.469842910766602,1.924127221107483,1.849195122718811,1.8061885833740234,1.7714166641235352,1.7391064167022705,1.7105344533920288,1.6841665506362915,1.6590750217437744,1.6341485977172852,1.6095291376113892,1.5862939357757568,1.5633147954940796,1.5408611297607422,1.5195459127426147,1.4992969036102295,1.4803493022918701,1.4634594917297363,1.4471874237060547,1.4332420825958252,1.419443964958191,1.4073567390441895,1.3969706296920776,1.3855119943618774,1.3741878271102905,1.3645576238632202,1.356116533279419,1.3476518392562866,1.3400458097457886,1.3337725400924683,1.3269636631011963,1.3197619915008545,1.3135865926742554,1.3086423873901367,1.302789568901062,1.2949813604354858,1.2913211584091187,1.285980463027954,1.2819548845291138,1.2776200771331787,1.2748199701309204,1.2717080116271973,1.2688839435577393,1.2659403085708618,1.2652889490127563,1.264266014099121,1.2642757892608643,1.2598345279693604,1.2582484483718872,1.2560938596725464,1.258353352546692,1.2532577514648438,1.2498239278793335,1.2478275299072266,1.2484203577041626,1.2450207471847534,1.2477682828903198,1.2472138404846191,1.2471808195114136,1.2471544742584229,1.2521767616271973,1.2553517818450928,1.257187843322754,1.2580934762954712,1.258707880973816,1.2635730504989624,1.268585205078125,1.2701959609985352,1.2724601030349731,1.277440071105957,1.2804229259490967,1.2952136993408203,1.293045997619629,1.3137019872665405,1.3128129243850708,1.3244789838790894,1.3329800367355347,1.3432689905166626,1.3602067232131958,1.3525797128677368,1.3720557689666748,1.3792297840118408,1.3867343664169312,1.3892463445663452,1.403969645500183,1.4162280559539795,1.4305740594863892,1.448085904121399,1.4618381261825562,1.4727884531021118,1.4752399921417236,1.4859099388122559,1.4963229894638062,1.5055757761001587,1.5194355249404907,1.531046986579895,1.545516848564148,1.5430576801300049,1.5438731908798218,1.5544843673706055,1.5693273544311523
"<Genome {'input_shape': (3, 32, 32), 'output_feature_depth': 10, 'genes': [<Gene {'node': <SumNode {'input_shapes': [(3, 32, 32), (3, 32, 32)]}>, 'input_indices': [-1, -1], 'input_shapes': [(3, 32, 32), (3, 32, 32)]}>, <Gene {'node': <DepSepConvNode {'input_shapes': [(3, 32, 32)], '_DepSepConvNode__input_shape': (3, 32, 32), '_DepSepConvNode__output_feature_depth': 32, 'kernel_size': 3}>, 'input_indices': [-1], 'input_shapes': [(3, 32, 32)]}>, <Gene {'node': <AvgPoolNode {'input_shapes': [(32, 32, 32)]}>, 'input_indices': [1], 'input_shapes': [(32, 32, 32)]}>, <Gene {'node': <DepSepConvNode {'input_shapes': [(32, 16, 16)], '_DepSepConvNode__input_shape': (32, 16, 16), '_DepSepConvNode__output_feature_depth': 32, 'kernel_size': 5}>, 'input_indices': [2], 'input_shapes': [(32, 16, 16)]}>, <Gene {'node': <AvgPoolNode {'input_shapes': [(3, 3, 3)]}>, 'input_indices': [0], 'input_shapes': [(3, 3, 3)]}>, <Gene {'node': <MaxPoolNode {'input_shapes': [(3, 32, 32)]}>, 'input_indices': [-1], 'input_shapes': [(3, 32, 32)]}>, <Gene {'node': <ConvNode {'input_shapes': [(3, 32, 32)], '_ConvNode__input_shape': (3, 32, 32), '_ConvNode__output_feature_depth': 64, 'kernel_size': 1}>, 'input_indices': [-1], 'input_shapes': [(3, 32, 32)]}>, <Gene {'node': <CatNode {'input_shapes': [(64, 32, 32), (3, 1, 1)]}>, 'input_indices': [6, 4], 'input_shapes': [(64, 32, 32), (3, 1, 1)]}>, <Gene {'node': <CatNode {'input_shapes': [(3, 32, 32), (3, 3, 3)]}>, 'input_indices': [-1, 0], 'input_shapes': [(3, 32, 32), (3, 3, 3)]}>, <Gene {'node': <MaxPoolNode {'input_shapes': [(3, 1, 1)]}>, 'input_indices': [4], 'input_shapes': [(3, 1, 1)]}>]}>",2.6643784046173096,2.0778679847717285,2.0038647651672363,1.9652854204177856,1.9325600862503052,1.9017794132232666,1.8728736639022827,1.846368432044983,1.821241855621338,1.7969918251037598,1.771445631980896,1.7439637184143066,1.7164005041122437,1.6906296014785767,1.6681286096572876,1.6485543251037598,1.6302400827407837,1.6132880449295044,1.5979692935943604,1.5837246179580688,1.5705080032348633,1.5585479736328125,1.547257661819458,1.5368279218673706,1.5275760889053345,1.518829345703125,1.5105379819869995,1.5022884607315063,1.494431734085083,1.486767292022705,1.4800273180007935,1.473666787147522,1.4671217203140259,1.4610602855682373,1.4554675817489624,1.4496945142745972,1.4441226720809937,1.4385544061660767,1.4336837530136108,1.4278370141983032,1.423691987991333,1.4190324544906616,1.4143441915512085,1.4087556600570679,1.4037996530532837,1.398972749710083,1.394578218460083,1.3901722431182861,1.3861116170883179,1.3824867010116577,1.3786954879760742,1.375108003616333,1.3711960315704346,1.367105484008789,1.3636506795883179,1.3594181537628174,1.3558579683303833,1.3516005277633667,1.3477210998535156,1.3438818454742432,1.3409181833267212,1.3368756771087646,1.3343132734298706,1.3305615186691284,1.328243613243103,1.3252696990966797,1.3228477239608765,1.3188952207565308,1.316051721572876,1.314115047454834,1.310193419456482,1.307946801185608,1.3050562143325806,1.3028241395950317,1.2980749607086182,1.2943456172943115,1.2915910482406616,1.2886778116226196,1.2859536409378052,1.2837274074554443,1.280537486076355,1.277284860610962,1.2728793621063232,1.2696186304092407,1.2663884162902832,1.2631115913391113,1.261349081993103,1.260392427444458,1.2568224668502808,1.2538139820098877,1.249783992767334,1.2460559606552124,1.2418315410614014,1.2400997877120972,1.2379403114318848,1.2355862855911255,1.23284912109375,1.2327589988708496,1.231214165687561,1.2301223278045654,1.2260756492614746,2.647979497909546,2.054091691970825,1.9851058721542358,1.9492237567901611,1.920054316520691,1.8935003280639648,1.868005633354187,1.8435319662094116,1.8196594715118408,1.7959197759628296,1.7702890634536743,1.7430438995361328,1.71617591381073,1.6913166046142578,1.6700729131698608,1.6511226892471313,1.6333715915679932,1.6167497634887695,1.601771593093872,1.5879687070846558,1.5755650997161865,1.564266562461853,1.5543535947799683,1.5451467037200928,1.537145972251892,1.5292266607284546,1.521917700767517,1.5144094228744507,1.5071696043014526,1.500138759613037,1.4939931631088257,1.4881690740585327,1.4823598861694336,1.4772377014160156,1.472245454788208,1.467538833618164,1.4630464315414429,1.4584810733795166,1.454630970954895,1.4499872922897339,1.4470285177230835,1.4437830448150635,1.4406782388687134,1.4366459846496582,1.4332469701766968,1.4300235509872437,1.4274120330810547,1.424972414970398,1.4226781129837036,1.42090904712677,1.4188010692596436,1.4168963432312012,1.4144262075424194,1.412119746208191,1.4101393222808838,1.4077619314193726,1.4058194160461426,1.4031282663345337,1.4009790420532227,1.3991177082061768,1.3982349634170532,1.395965814590454,1.3953790664672852,1.3932788372039795,1.3929080963134766,1.391648292541504,1.3909419775009155,1.388555645942688,1.387519359588623,1.3873211145401,1.3849619626998901,1.3843754529953003,1.3832063674926758,1.382656455039978,1.3793354034423828,1.3772488832473755,1.376368522644043,1.3748363256454468,1.3738248348236084,1.3731359243392944,1.3714262247085571,1.370206356048584,1.3673474788665771,1.3656104803085327,1.364068627357483,1.361984133720398,1.3614201545715332,1.361928939819336,1.359564185142517,1.3580421209335327,1.35554838180542,1.3530441522598267,1.350122094154358,1.3495177030563354,1.3484386205673218,1.3472485542297363,1.3456213474273682,1.3464925289154053,1.34596848487854,1.3459280729293823,1.3433085680007935
"<Genome {'input_shape': (3, 32, 32), 'output_feature_depth': 10, 'genes': [<Gene {'node': <MaxPoolNode {'input_shapes': [(3, 32, 32)]}>, 'input_indices': [-1], 'input_shapes': [(3, 32, 32)]}>, <Gene {'node': <CatNode {'input_shapes': [(3, 32, 32), (3, 16, 16)]}>, 'input_indices': [-1, 0], 'input_shapes': [(3, 32, 32), (3, 16, 16)]}>, <Gene {'node': <AvgPoolNode {'input_shapes': [(3, 32, 32)]}>, 'input_indices': [-1], 'input_shapes': [(3, 32, 32)]}>, <Gene {'node': <AvgPoolNode {'input_shapes': [(6, 3, 3)]}>, 'input_indices': [1], 'input_shapes': [(6, 3, 3)]}>, <Gene {'node': <DepSepConvNode {'input_shapes': [(6, 3, 3)], '_DepSepConvNode__input_shape': (6, 3, 3), '_DepSepConvNode__output_feature_depth': 32, 'kernel_size': 5}>, 'input_indices': [1], 'input_shapes': [(6, 3, 3)]}>, <Gene {'node': <DepSepConvNode {'input_shapes': [(6, 3, 3)], '_DepSepConvNode__input_shape': (6, 3, 3), '_DepSepConvNode__output_feature_depth': 128, 'kernel_size': 5}>, 'input_indices': [1], 'input_shapes': [(6, 3, 3)]}>, <Gene {'node': <DepSepConvNode {'input_shapes': [(128, 3, 3)], '_DepSepConvNode__input_shape': (128, 3, 3), '_DepSepConvNode__output_feature_depth': 32, 'kernel_size': 3}>, 'input_indices': [5], 'input_shapes': [(128, 3, 3)]}>, <Gene {'node': <DepSepConvNode {'input_shapes': [(6, 1, 1)], '_DepSepConvNode__input_shape': (6, 1, 1), '_DepSepConvNode__output_feature_depth': 256, 'kernel_size': 3}>, 'input_indices': [3], 'input_shapes': [(6, 1, 1)]}>, <Gene {'node': <ConvNode {'input_shapes': [(6, 1, 1)], '_ConvNode__input_shape': (6, 1, 1), '_ConvNode__output_feature_depth': 128, 'kernel_size': 1}>, 'input_indices': [3], 'input_shapes': [(6, 1, 1)]}>, <Gene {'node': <DepSepConvNode {'input_shapes': [(3, 16, 16)], '_DepSepConvNode__input_shape': (3, 16, 16), '_DepSepConvNode__output_feature_depth': 256, 'kernel_size': 3}>, 'input_indices': [0], 'input_shapes': [(3, 16, 16)]}>]}>",3.113429069519043,1.9829992055892944,1.913941502571106,1.860422134399414,1.8133494853973389,1.7714252471923828,1.733712077140808,1.7005518674850464,1.6711541414260864,1.6454262733459473,1.6227781772613525,1.6021506786346436,1.5831553936004639,1.5656282901763916,1.5488120317459106,1.53240168094635,1.5168732404708862,1.5022374391555786,1.488366961479187,1.4752694368362427,1.4628396034240723,1.4508050680160522,1.43868088722229,1.4270223379135132,1.4159427881240845,1.4047573804855347,1.3931702375411987,1.3824702501296997,1.3725497722625732,1.3620951175689697,1.3525904417037964,1.3430968523025513,1.334486961364746,1.3263801336288452,1.3174914121627808,1.3090920448303223,1.3013865947723389,1.2938061952590942,1.2864173650741577,1.2799535989761353,1.2730858325958252,1.2662391662597656,1.259702205657959,1.2524632215499878,1.2457677125930786,1.2383251190185547,1.231674313545227,1.2243965864181519,1.2178913354873657,1.211240530014038,1.2034492492675781,1.1974915266036987,1.1912927627563477,1.1852693557739258,1.1793570518493652,1.1730281114578247,1.1672025918960571,1.161105751991272,1.1548655033111572,1.1489284038543701,1.1429625749588013,1.1364494562149048,1.1317243576049805,1.1261614561080933,1.1198291778564453,1.1140434741973877,1.107759952545166,1.1020140647888184,1.0953128337860107,1.090423822402954,1.0855849981307983,1.0800575017929077,1.0733428001403809,1.0672565698623657,1.0618212223052979,1.0563071966171265,1.050930142402649,1.0446808338165283,1.03938889503479,1.0338448286056519,1.0286645889282227,1.022526741027832,1.017547607421875,1.0129525661468506,1.008937120437622,1.0054432153701782,1.0010554790496826,0.9960500597953796,0.9907206296920776,0.9861032366752625,0.9826050996780396,0.9773103594779968,0.9730414748191833,0.9694311618804932,0.96490877866745,0.9613891839981079,0.9572291970252991,0.953513503074646,0.9496806263923645,0.9453317523002625,0.9421507120132446,3.112931966781616,1.9630459547042847,1.8907660245895386,1.8344162702560425,1.7866100072860718,1.74713134765625,1.713372826576233,1.6832821369171143,1.6573110818862915,1.63530695438385,1.6158888339996338,1.5979750156402588,1.5816153287887573,1.5669487714767456,1.553012490272522,1.539681077003479,1.5274763107299805,1.5161765813827515,1.5063905715942383,1.4968541860580444,1.4880149364471436,1.479396104812622,1.4706062078475952,1.4622224569320679,1.4545222520828247,1.4468467235565186,1.4391014575958252,1.431646704673767,1.4253921508789062,1.4188997745513916,1.412517786026001,1.4060124158859253,1.4012997150421143,1.3970874547958374,1.391441822052002,1.3864942789077759,1.3821743726730347,1.3781219720840454,1.3747482299804688,1.3715217113494873,1.3676708936691284,1.3639780282974243,1.3607860803604126,1.357256531715393,1.3544237613677979,1.3507047891616821,1.3482071161270142,1.3445528745651245,1.3419513702392578,1.3391263484954834,1.3348368406295776,1.3332363367080688,1.331674337387085,1.3307688236236572,1.3295596837997437,1.3281819820404053,1.3261971473693848,1.3253120183944702,1.3244853019714355,1.324477195739746,1.3233813047409058,1.3225253820419312,1.3234694004058838,1.3233979940414429,1.3228003978729248,1.3206024169921875,1.3189992904663086,1.3177318572998047,1.3157180547714233,1.3156261444091797,1.3161879777908325,1.315193772315979,1.3130559921264648,1.3121410608291626,1.3128820657730103,1.3129075765609741,1.313127875328064,1.312453269958496,1.312808871269226,1.3133147954940796,1.313781976699829,1.3133214712142944,1.3141403198242188,1.3150510787963867,1.316479206085205,1.3186029195785522,1.3191972970962524,1.3190349340438843,1.3187785148620605,1.3192096948623657,1.3221726417541504,1.3228031396865845,1.324079155921936,1.326183795928955,1.326541781425476,1.3290393352508545,1.330427646636963,1.332283854484558,1.334753155708313,1.3354557752609253,1.3378275632858276
"<Genome {'input_shape': (3, 32, 32), 'output_feature_depth': 10, 'genes': [<Gene {'node': <AvgPoolNode {'input_shapes': [(3, 32, 32)]}>, 'input_indices': [-1], 'input_shapes': [(3, 32, 32)]}>, <Gene {'node': <ConvNode {'input_shapes': [(3, 32, 32)], '_ConvNode__input_shape': (3, 32, 32), '_ConvNode__output_feature_depth': 128, 'kernel_size': 1}>, 'input_indices': [-1], 'input_shapes': [(3, 32, 32)]}>, <Gene {'node': <AvgPoolNode {'input_shapes': [(3, 32, 32)]}>, 'input_indices': [-1], 'input_shapes': [(3, 32, 32)]}>, <Gene {'node': <CatNode {'input_shapes': [(3, 16, 16), (3, 16, 16)]}>, 'input_indices': [0, 2], 'input_shapes': [(3, 16, 16), (3, 16, 16)]}>, <Gene {'node': <DepSepConvNode {'input_shapes': [(128, 32, 32)], '_DepSepConvNode__input_shape': (128, 32, 32), '_DepSepConvNode__output_feature_depth': 256, 'kernel_size': 5}>, 'input_indices': [1], 'input_shapes': [(128, 32, 32)]}>, <Gene {'node': <AvgPoolNode {'input_shapes': [(3, 16, 16)]}>, 'input_indices': [2], 'input_shapes': [(3, 16, 16)]}>, <Gene {'node': <CatNode {'input_shapes': [(256, 32, 32), (128, 32, 32)]}>, 'input_indices': [4, 1], 'input_shapes': [(256, 32, 32), (128, 32, 32)]}>, <Gene {'node': <AvgPoolNode {'input_shapes': [(384, 256, 256)]}>, 'input_indices': [6], 'input_shapes': [(384, 256, 256)]}>, <Gene {'node': <DepSepConvNode {'input_shapes': [(3, 16, 16)], '_DepSepConvNode__input_shape': (3, 16, 16), '_DepSepConvNode__output_feature_depth': 256, 'kernel_size': 3}>, 'input_indices': [2], 'input_shapes': [(3, 16, 16)]}>, <Gene {'node': <DepSepConvNode {'input_shapes': [(256, 16, 16)], '_DepSepConvNode__input_shape': (256, 16, 16), '_DepSepConvNode__output_feature_depth': 256, 'kernel_size': 5}>, 'input_indices': [8], 'input_shapes': [(256, 16, 16)]}>]}>",4.9128241539001465,1.7382858991622925,1.6385669708251953,1.5785948038101196,1.5270726680755615,1.480932354927063,1.436219334602356,1.3918006420135498,1.3513983488082886,1.3142756223678589,1.280259609222412,1.2488423585891724,1.2185322046279907,1.189907193183899,1.163184404373169,1.1370210647583008,1.1117032766342163,1.0861696004867554,1.0614891052246094,1.036677360534668,1.013001561164856,0.9898238778114319,0.965541422367096,0.9419085383415222,0.9184213876724243,0.8939628601074219,0.8712852001190186,0.8489677906036377,0.8256620764732361,0.8029995560646057,0.7810844779014587,0.7590439319610596,0.7374217510223389,0.7150977253913879,0.6945785880088806,0.6747212409973145,0.6550021171569824,0.6348233819007874,0.6137392520904541,0.5942676067352295,0.5767568945884705,0.5593197345733643,0.541252076625824,0.5250641703605652,0.5098714232444763,0.4953139126300812,0.48201480507850647,0.46834591031074524,0.45281556248664856,0.4415065348148346,0.42930740118026733,0.4199718236923218,0.410868376493454,0.4012569487094879,0.3918319046497345,0.3844410479068756,0.37681859731674194,0.3736196458339691,0.3690645396709442,0.36667218804359436,0.36825281381607056,0.37245991826057434,0.35576388239860535,0.36452433466911316,0.3654974400997162,0.3651489317417145,0.3679465055465698,0.4611937701702118,0.3975164294242859,0.38262468576431274,0.35521572828292847,0.3411540687084198,0.32081368565559387,0.32973936200141907,0.3349491059780121,0.3228450119495392,0.3113785982131958,0.29973727464675903,0.2885482609272003,0.28347542881965637,0.2743387222290039,0.2658105492591858,0.26072579622268677,0.2588243782520294,0.25898006558418274,0.2596094310283661,0.26085564494132996,0.2619709372520447,0.2630174160003662,0.26411494612693787,0.2651068866252899,0.2662520110607147,0.26713964343070984,0.26785561442375183,0.26833575963974,0.2689630687236786,0.26947760581970215,0.2703492343425751,0.2711435556411743,0.27188485860824585,0.2727227807044983,4.935066223144531,1.729405403137207,1.647501826286316,1.604836344718933,1.5699741840362549,1.5392951965332031,1.508666753768921,1.4866403341293335,1.466179370880127,1.4489439725875854,1.434521198272705,1.4253443479537964,1.4176483154296875,1.4106826782226562,1.404982089996338,1.4002498388290405,1.396573781967163,1.391624927520752,1.3889286518096924,1.3864821195602417,1.3867613077163696,1.3859786987304688,1.3853704929351807,1.3852307796478271,1.387407898902893,1.3880351781845093,1.3891609907150269,1.3923219442367554,1.3956266641616821,1.4012843370437622,1.408194899559021,1.4148310422897339,1.42169189453125,1.4270647764205933,1.4344340562820435,1.4424580335617065,1.4527587890625,1.4622911214828491,1.4724388122558594,1.4828304052352905,1.4966400861740112,1.5072306394577026,1.5198827981948853,1.5314356088638306,1.5445812940597534,1.555293083190918,1.5712920427322388,1.5876507759094238,1.6018781661987305,1.6200075149536133,1.6362863779067993,1.6534985303878784,1.6703640222549438,1.6898577213287354,1.7041910886764526,1.7297639846801758,1.752743124961853,1.7708724737167358,1.7972294092178345,1.8175777196884155,1.861721396446228,1.8806318044662476,1.8635485172271729,1.914339303970337,1.941470980644226,1.977169394493103,1.9959944486618042,2.1158034801483154,1.9029476642608643,2.1291873455047607,1.9638252258300781,1.9495962858200073,2.0387446880340576,2.077718496322632,2.123542547225952,2.160290479660034,2.2419214248657227,2.2590863704681396,2.235959768295288,2.2517342567443848,2.2510812282562256,2.252697467803955,2.261906623840332,2.2776055335998535,2.2929704189300537,2.309330701828003,2.325371026992798,2.340583086013794,2.3569459915161133,2.371886968612671,2.3877408504486084,2.4025352001190186,2.41762638092041,2.4321277141571045,2.445880651473999,2.4594504833221436,2.473041296005249,2.487283706665039,2.50132155418396,2.513948440551758,2.525721311569214
"<Genome {'input_shape': (3, 32, 32), 'output_feature_depth': 10, 'genes': [<Gene {'node': <ConvNode {'input_shapes': [(3, 32, 32)], '_ConvNode__input_shape': (3, 32, 32), '_ConvNode__output_feature_depth': 64, 'kernel_size': 3}>, 'input_indices': [-1], 'input_shapes': [(3, 32, 32)]}>, <Gene {'node': <AvgPoolNode {'input_shapes': [(3, 32, 32)]}>, 'input_indices': [-1], 'input_shapes': [(3, 32, 32)]}>, <Gene {'node': <SumNode {'input_shapes': [(3, 16, 16), (3, 32, 32)]}>, 'input_indices': [1, -1], 'input_shapes': [(3, 16, 16), (3, 32, 32)]}>, <Gene {'node': <AvgPoolNode {'input_shapes': [(3, 16, 16)]}>, 'input_indices': [1], 'input_shapes': [(3, 16, 16)]}>, <Gene {'node': <MaxPoolNode {'input_shapes': [(3, 32, 32)]}>, 'input_indices': [-1], 'input_shapes': [(3, 32, 32)]}>, <Gene {'node': <CatNode {'input_shapes': [(3, 16, 16), (3, 8, 8)]}>, 'input_indices': [4, 3], 'input_shapes': [(3, 16, 16), (3, 8, 8)]}>, <Gene {'node': <AvgPoolNode {'input_shapes': [(64, 32, 32)]}>, 'input_indices': [0], 'input_shapes': [(64, 32, 32)]}>, <Gene {'node': <AvgPoolNode {'input_shapes': [(6, 3, 3)]}>, 'input_indices': [5], 'input_shapes': [(6, 3, 3)]}>, <Gene {'node': <AvgPoolNode {'input_shapes': [(6, 3, 3)]}>, 'input_indices': [5], 'input_shapes': [(6, 3, 3)]}>, <Gene {'node': <AvgPoolNode {'input_shapes': [(3, 16, 16)]}>, 'input_indices': [4], 'input_shapes': [(3, 16, 16)]}>]}>",2.3744330406188965,2.1406655311584473,2.0572164058685303,2.010047197341919,1.9760371446609497,1.9504814147949219,1.928860068321228,1.9099159240722656,1.8926951885223389,1.877013921737671,1.8626046180725098,1.849276065826416,1.8369734287261963,1.825583577156067,1.8147286176681519,1.8041185140609741,1.7941703796386719,1.7845314741134644,1.7752562761306763,1.766215443611145,1.7573537826538086,1.7488583326339722,1.7405612468719482,1.732579231262207,1.7249008417129517,1.7174433469772339,1.7101250886917114,1.7032591104507446,1.696559190750122,1.6901357173919678,1.6838682889938354,1.6778740882873535,1.6722309589385986,1.6668885946273804,1.661702036857605,1.6566933393478394,1.6517304182052612,1.647032380104065,1.6424293518066406,1.6379972696304321,1.6336573362350464,1.6293240785598755,1.6251702308654785,1.6208387613296509,1.6167044639587402,1.6126468181610107,1.6087119579315186,1.6047283411026,1.6010195016860962,1.597253680229187,1.5933829545974731,1.5897905826568604,1.5864113569259644,1.5827988386154175,1.5793395042419434,1.5757794380187988,1.5721921920776367,1.5687037706375122,1.5653985738754272,1.5620265007019043,1.5588345527648926,1.555448293685913,1.5523539781570435,1.5492291450500488,1.5462367534637451,1.543243408203125,1.5404092073440552,1.5375758409500122,1.5348312854766846,1.5322071313858032,1.5293995141983032,1.5268137454986572,1.5243074893951416,1.521841287612915,1.519482135772705,1.5171804428100586,1.5148402452468872,1.5126017332077026,1.510284662246704,1.5080393552780151,1.5057792663574219,1.5036704540252686,1.5016666650772095,1.4996225833892822,1.497597575187683,1.4956287145614624,1.4936989545822144,1.491754174232483,1.4897762537002563,1.4879875183105469,1.4861204624176025,1.484302282333374,1.4826029539108276,1.480709195137024,1.478958010673523,1.4771419763565063,1.4754232168197632,1.473702311515808,1.4720503091812134,1.4703832864761353,1.468591570854187,2.357137680053711,2.1251773834228516,2.040353775024414,1.992466926574707,1.9593536853790283,1.9338550567626953,1.912379264831543,1.8937361240386963,1.8773044347763062,1.862359881401062,1.8486117124557495,1.835706353187561,1.8237323760986328,1.8129358291625977,1.802805781364441,1.7929069995880127,1.7838214635849,1.7749861478805542,1.766653299331665,1.7583521604537964,1.7501640319824219,1.7426891326904297,1.7355436086654663,1.7286443710327148,1.7220028638839722,1.7155790328979492,1.709241509437561,1.703506350517273,1.698075532913208,1.6928129196166992,1.687690019607544,1.6827188730239868,1.678173303604126,1.6738405227661133,1.6696462631225586,1.6656827926635742,1.6616562604904175,1.6581554412841797,1.6547220945358276,1.6514339447021484,1.6482717990875244,1.645005226135254,1.6421566009521484,1.6390535831451416,1.6363447904586792,1.6335934400558472,1.6310542821884155,1.6279878616333008,1.6253713369369507,1.6224209070205688,1.6192959547042847,1.6164461374282837,1.6139634847640991,1.6112793684005737,1.6088802814483643,1.6062639951705933,1.6037018299102783,1.601133942604065,1.598797082901001,1.5963753461837769,1.594233512878418,1.591652750968933,1.5895977020263672,1.5873934030532837,1.5856128931045532,1.5837961435317993,1.5821579694747925,1.5805763006210327,1.5790166854858398,1.5774887800216675,1.5755776166915894,1.5739941596984863,1.5724948644638062,1.570987582206726,1.5695923566818237,1.5682094097137451,1.5669258832931519,1.5655235052108765,1.5641942024230957,1.5629191398620605,1.5615959167480469,1.5604244470596313,1.5592583417892456,1.5580930709838867,1.5570653676986694,1.5560579299926758,1.5550663471221924,1.5540674924850464,1.5530613660812378,1.552323818206787,1.5514787435531616,1.550694465637207,1.5500184297561646,1.5492609739303589,1.5486129522323608,1.5479888916015625,1.547481894493103,1.5469664335250854,1.546227216720581,1.5455604791641235,1.5447622537612915
"<Genome {'input_shape': (3, 32, 32), 'output_feature_depth': 10, 'genes': [<Gene {'node': <SumNode {'input_shapes': [(3, 32, 32), (3, 32, 32)]}>, 'input_indices': [-1, -1], 'input_shapes': [(3, 32, 32), (3, 32, 32)]}>, <Gene {'node': <CatNode {'input_shapes': [(3, 3, 3), (3, 32, 32)]}>, 'input_indices': [0, -1], 'input_shapes': [(3, 3, 3), (3, 32, 32)]}>, <Gene {'node': <DepSepConvNode {'input_shapes': [(3, 32, 32)], '_DepSepConvNode__input_shape': (3, 32, 32), '_DepSepConvNode__output_feature_depth': 32, 'kernel_size': 3}>, 'input_indices': [-1], 'input_shapes': [(3, 32, 32)]}>, <Gene {'node': <CatNode {'input_shapes': [(3, 32, 32), (6, 3, 3)]}>, 'input_indices': [-1, 1], 'input_shapes': [(3, 32, 32), (6, 3, 3)]}>, <Gene {'node': <CatNode {'input_shapes': [(9, 6, 6), (3, 3, 3)]}>, 'input_indices': [3, 0], 'input_shapes': [(9, 6, 6), (3, 3, 3)]}>, <Gene {'node': <CatNode {'input_shapes': [(9, 6, 6), (6, 3, 3)]}>, 'input_indices': [3, 1], 'input_shapes': [(9, 6, 6), (6, 3, 3)]}>, <Gene {'node': <CatNode {'input_shapes': [(6, 3, 3), (12, 9, 9)]}>, 'input_indices': [1, 4], 'input_shapes': [(6, 3, 3), (12, 9, 9)]}>, <Gene {'node': <CatNode {'input_shapes': [(6, 3, 3), (32, 32, 32)]}>, 'input_indices': [1, 2], 'input_shapes': [(6, 3, 3), (32, 32, 32)]}>, <Gene {'node': <ConvNode {'input_shapes': [(6, 3, 3)], '_ConvNode__input_shape': (6, 3, 3), '_ConvNode__output_feature_depth': 128, 'kernel_size': 1}>, 'input_indices': [1], 'input_shapes': [(6, 3, 3)]}>, <Gene {'node': <DepSepConvNode {'input_shapes': [(6, 3, 3)], '_DepSepConvNode__input_shape': (6, 3, 3), '_DepSepConvNode__output_feature_depth': 64, 'kernel_size': 5}>, 'input_indices': [1], 'input_shapes': [(6, 3, 3)]}>]}>",6.06233549118042,2.0368075370788574,1.9910635948181152,1.9647448062896729,1.9419987201690674,1.9199212789535522,1.8984012603759766,1.8752251863479614,1.8519350290298462,1.8298696279525757,1.8085726499557495,1.788025140762329,1.7686761617660522,1.7506874799728394,1.7338171005249023,1.7182197570800781,1.7034859657287598,1.689561128616333,1.676681399345398,1.6640701293945312,1.6524555683135986,1.6413516998291016,1.630947232246399,1.6218814849853516,1.612678050994873,1.6040366888046265,1.5959795713424683,1.5883413553237915,1.5811315774917603,1.5740563869476318,1.5676324367523193,1.5614265203475952,1.555637001991272,1.5501747131347656,1.5448778867721558,1.539640188217163,1.5347586870193481,1.5305157899856567,1.5259929895401,1.5216068029403687,1.517264485359192,1.5130470991134644,1.509037971496582,1.5050462484359741,1.5012271404266357,1.4976178407669067,1.4939756393432617,1.4904824495315552,1.4872171878814697,1.484229564666748,1.480868935585022,1.4783308506011963,1.4760686159133911,1.4718031883239746,1.4697555303573608,1.4677737951278687,1.4637105464935303,1.4621078968048096,1.4592792987823486,1.4565781354904175,1.4539800882339478,1.4513314962387085,1.4512851238250732,1.4466356039047241,1.4444832801818848,1.444587230682373,1.4400811195373535,1.4382212162017822,1.4358428716659546,1.4366294145584106,1.4328957796096802,1.4311221837997437,1.430111050605774,1.4279159307479858,1.4264628887176514,1.4245754480361938,1.4226574897766113,1.42080557346344,1.4191868305206299,1.4177229404449463,1.4160385131835938,1.4141517877578735,1.4123337268829346,1.4105726480484009,1.4087005853652954,1.4070388078689575,1.4054969549179077,1.4045143127441406,1.4030758142471313,1.4009674787521362,1.398792028427124,1.3970469236373901,1.395402193069458,1.3936001062393188,1.391966462135315,1.3903733491897583,1.3887202739715576,1.3872827291488647,1.3857412338256836,1.384307861328125,1.3828370571136475,6.044753551483154,2.01697039604187,1.9690907001495361,1.9420082569122314,1.9193028211593628,1.8976436853408813,1.8778305053710938,1.856313705444336,1.8345024585723877,1.813796877861023,1.7934175729751587,1.773789405822754,1.7548738718032837,1.7372604608535767,1.7209528684616089,1.7064865827560425,1.6932365894317627,1.6803337335586548,1.6690905094146729,1.6579703092575073,1.648148775100708,1.6384010314941406,1.6297008991241455,1.6217788457870483,1.614885687828064,1.6080150604248047,1.6017903089523315,1.5957657098770142,1.590039610862732,1.5854800939559937,1.5801596641540527,1.5763603448867798,1.5721958875656128,1.5691009759902954,1.5660070180892944,1.5623897314071655,1.558878779411316,1.555912971496582,1.553040862083435,1.5496957302093506,1.546756625175476,1.5432672500610352,1.5406285524368286,1.5375107526779175,1.536245346069336,1.5332059860229492,1.5318087339401245,1.5277904272079468,1.5272941589355469,1.5233619213104248,1.5229898691177368,1.5162547826766968,1.522519588470459,1.5157049894332886,1.5129607915878296,1.5155037641525269,1.5123366117477417,1.5058948993682861,1.5059723854064941,1.5028856992721558,1.5031977891921997,1.500734567642212,1.5068377256393433,1.5003645420074463,1.4984363317489624,1.5021120309829712,1.4981355667114258,1.497623085975647,1.4940859079360962,1.4983755350112915,1.4956932067871094,1.4951117038726807,1.4949924945831299,1.493826150894165,1.493139386177063,1.4920047521591187,1.49044930934906,1.4890660047531128,1.4880746603012085,1.4874770641326904,1.4862473011016846,1.4846247434616089,1.48322331905365,1.4820479154586792,1.4808896780014038,1.4798115491867065,1.478817343711853,1.4780534505844116,1.4773939847946167,1.475804328918457,1.473841667175293,1.4731367826461792,1.472124457359314,1.471683144569397,1.4708338975906372,1.4699268341064453,1.4691866636276245,1.4685512781143188,1.4678996801376343,1.4673022031784058,1.46674382686615
"<Genome {'input_shape': (3, 32, 32), 'output_feature_depth': 10, 'genes': [<Gene {'node': <MaxPoolNode {'input_shapes': [(3, 32, 32)]}>, 'input_indices': [-1], 'input_shapes': [(3, 32, 32)]}>, <Gene {'node': <AvgPoolNode {'input_shapes': [(3, 32, 32)]}>, 'input_indices': [-1], 'input_shapes': [(3, 32, 32)]}>, <Gene {'node': <CatNode {'input_shapes': [(3, 16, 16), (3, 16, 16)]}>, 'input_indices': [0, 1], 'input_shapes': [(3, 16, 16), (3, 16, 16)]}>, <Gene {'node': <AvgPoolNode {'input_shapes': [(6, 3, 3)]}>, 'input_indices': [2], 'input_shapes': [(6, 3, 3)]}>, <Gene {'node': <SumNode {'input_shapes': [(3, 32, 32), (3, 32, 32)]}>, 'input_indices': [-1, -1], 'input_shapes': [(3, 32, 32), (3, 32, 32)]}>, <Gene {'node': <MaxPoolNode {'input_shapes': [(6, 3, 3)]}>, 'input_indices': [2], 'input_shapes': [(6, 3, 3)]}>, <Gene {'node': <CatNode {'input_shapes': [(3, 3, 3), (3, 32, 32)]}>, 'input_indices': [4, -1], 'input_shapes': [(3, 3, 3), (3, 32, 32)]}>, <Gene {'node': <SumNode {'input_shapes': [(6, 3, 3), (6, 1, 1)]}>, 'input_indices': [2, 3], 'input_shapes': [(6, 3, 3), (6, 1, 1)]}>, <Gene {'node': <SumNode {'input_shapes': [(6, 3, 3), (6, 1, 1)]}>, 'input_indices': [2, 3], 'input_shapes': [(6, 3, 3), (6, 1, 1)]}>, <Gene {'node': <MaxPoolNode {'input_shapes': [(3, 16, 16)]}>, 'input_indices': [1], 'input_shapes': [(3, 16, 16)]}>]}>",3.801154375076294,3.3967249393463135,3.0508692264556885,2.7763304710388184,2.5825164318084717,2.4631223678588867,2.391993522644043,2.3434994220733643,2.305924654006958,2.2750699520111084,2.2490274906158447,2.2266712188720703,2.2072677612304688,2.1903233528137207,2.1754889488220215,2.16249680519104,2.1511218547821045,2.1411631107330322,2.1324357986450195,2.1247711181640625,2.1180200576782227,2.1120476722717285,2.1067395210266113,2.101996660232544,2.0977399349212646,2.0938990116119385,2.0904200077056885,2.087256669998169,2.0843708515167236,2.0817317962646484,2.0793120861053467,2.0770907402038574,2.0750479698181152,2.0731654167175293,2.0714304447174072,2.069829225540161,2.0683493614196777,2.0669803619384766,2.0657129287719727,2.0645384788513184,2.0634493827819824,2.0624377727508545,2.061497211456299,2.060622215270996,2.0598056316375732,2.0590438842773438,2.0583336353302,2.057668447494507,2.057044744491577,2.0564608573913574,2.055912733078003,2.0553972721099854,2.0549111366271973,2.0544540882110596,2.0540218353271484,2.0536134243011475,2.053227663040161,2.052860975265503,2.052513599395752,2.0521838665008545,2.0518693923950195,2.0515706539154053,2.051286220550537,2.0510129928588867,2.050753116607666,2.050504684448242,2.0502660274505615,2.050037145614624,2.049818277359009,2.049607753753662,2.0494041442871094,2.0492098331451416,2.0490212440490723,2.0488393306732178,2.0486645698547363,2.0484955310821533,2.0483312606811523,2.048172950744629,2.0480196475982666,2.04787015914917,2.0477263927459717,2.0475854873657227,2.0474493503570557,2.047316789627075,2.047187089920044,2.0470614433288574,2.046938896179199,2.0468196868896484,2.0467028617858887,2.04658842086792,2.0464773178100586,2.0463685989379883,2.04626202583313,2.0461575984954834,2.046055555343628,2.045954942703247,2.0458567142486572,2.0457608699798584,2.045666456222534,2.0455729961395264,2.0454816818237305,3.809764862060547,3.4080846309661865,3.062702178955078,2.7853245735168457,2.585247755050659,2.4585182666778564,2.382183790206909,2.3310108184814453,2.2920730113983154,2.2603328227996826,2.2335574626922607,2.210536479949951,2.1905224323272705,2.1730175018310547,2.157663106918335,2.144179105758667,2.1323297023773193,2.1219048500061035,2.1127164363861084,2.10459566116333,2.097393751144409,2.090979814529419,2.0852420330047607,2.080084800720215,2.075427770614624,2.0712039470672607,2.0673575401306152,2.0638418197631836,2.0606191158294678,2.0576560497283936,2.054926633834839,2.0524065494537354,2.0500762462615967,2.047917366027832,2.045915365219116,2.044055700302124,2.0423264503479004,2.0407164096832275,2.0392158031463623,2.037815809249878,2.0365073680877686,2.0352838039398193,2.0341382026672363,2.0330636501312256,2.032055616378784,2.0311076641082764,2.0302162170410156,2.0293757915496826,2.028583288192749,2.02783465385437,2.0271270275115967,2.0264575481414795,2.025822401046753,2.025219678878784,2.0246472358703613,2.0241026878356934,2.0235841274261475,2.02308988571167,2.022618293762207,2.022167682647705,2.0217368602752686,2.021324634552002,2.0209288597106934,2.020550012588501,2.020185947418213,2.019836187362671,2.0194997787475586,2.0191760063171387,2.0188639163970947,2.0185630321502686,2.018273115158081,2.0179924964904785,2.017721176147461,2.0174591541290283,2.0172054767608643,2.0169599056243896,2.016721487045288,2.0164904594421387,2.016266345977783,2.0160481929779053,2.015836715698242,2.0156309604644775,2.0154306888580322,2.015235424041748,2.015045404434204,2.014860153198242,2.0146796703338623,2.0145034790039062,2.014331579208374,2.0141634941101074,2.0139997005462646,2.013838768005371,2.013681650161743,2.0135278701782227,2.0133774280548096,2.0132298469543457,2.0130858421325684,2.012943983078003,2.012805223464966,2.0126686096191406,2.0125350952148438
"<Genome {'input_shape': (3, 32, 32), 'output_feature_depth': 10, 'genes': [<Gene {'node': <DepSepConvNode {'input_shapes': [(3, 32, 32)], '_DepSepConvNode__input_shape': (3, 32, 32), '_DepSepConvNode__output_feature_depth': 64, 'kernel_size': 3}>, 'input_indices': [-1], 'input_shapes': [(3, 32, 32)]}>, <Gene {'node': <DepSepConvNode {'input_shapes': [(3, 32, 32)], '_DepSepConvNode__input_shape': (3, 32, 32), '_DepSepConvNode__output_feature_depth': 256, 'kernel_size': 5}>, 'input_indices': [-1], 'input_shapes': [(3, 32, 32)]}>, <Gene {'node': <AvgPoolNode {'input_shapes': [(256, 32, 32)]}>, 'input_indices': [1], 'input_shapes': [(256, 32, 32)]}>, <Gene {'node': <MaxPoolNode {'input_shapes': [(3, 32, 32)]}>, 'input_indices': [-1], 'input_shapes': [(3, 32, 32)]}>, <Gene {'node': <CatNode {'input_shapes': [(3, 32, 32), (256, 16, 16)]}>, 'input_indices': [-1, 2], 'input_shapes': [(3, 32, 32), (256, 16, 16)]}>, <Gene {'node': <ConvNode {'input_shapes': [(64, 32, 32)], '_ConvNode__input_shape': (64, 32, 32), '_ConvNode__output_feature_depth': 32, 'kernel_size': 3}>, 'input_indices': [0], 'input_shapes': [(64, 32, 32)]}>, <Gene {'node': <MaxPoolNode {'input_shapes': [(256, 16, 16)]}>, 'input_indices': [2], 'input_shapes': [(256, 16, 16)]}>, <Gene {'node': <AvgPoolNode {'input_shapes': [(3, 32, 32)]}>, 'input_indices': [-1], 'input_shapes': [(3, 32, 32)]}>, <Gene {'node': <MaxPoolNode {'input_shapes': [(3, 16, 16)]}>, 'input_indices': [7], 'input_shapes': [(3, 16, 16)]}>, <Gene {'node': <ConvNode {'input_shapes': [(3, 8, 8)], '_ConvNode__input_shape': (3, 8, 8), '_ConvNode__output_feature_depth': 32, 'kernel_size': 3}>, 'input_indices': [8], 'input_shapes': [(3, 8, 8)]}>]}>",2.3998770713806152,1.9605929851531982,1.881280779838562,1.835031509399414,1.8002632856369019,1.769842267036438,1.743746280670166,1.7176553010940552,1.6948442459106445,1.6748853921890259,1.6567590236663818,1.6406389474868774,1.6269255876541138,1.6129766702651978,1.6006029844284058,1.5868247747421265,1.5744744539260864,1.5640370845794678,1.5536779165267944,1.5440211296081543,1.5347756147384644,1.5252950191497803,1.51674485206604,1.5093190670013428,1.5008577108383179,1.4935734272003174,1.4862080812454224,1.4796061515808105,1.4729212522506714,1.4658787250518799,1.4593263864517212,1.452294945716858,1.4458152055740356,1.4388500452041626,1.4329783916473389,1.426874041557312,1.4211058616638184,1.4158916473388672,1.4106543064117432,1.4053122997283936,1.3996490240097046,1.3941917419433594,1.3884378671646118,1.3842028379440308,1.379410743713379,1.3738044500350952,1.3683260679244995,1.3630541563034058,1.3588106632232666,1.3541831970214844,1.3488376140594482,1.3438409566879272,1.3394838571548462,1.334934949874878,1.3300375938415527,1.3254886865615845,1.3210453987121582,1.3161752223968506,1.3115174770355225,1.3067046403884888,1.3020905256271362,1.2977756261825562,1.2941910028457642,1.2896182537078857,1.2857275009155273,1.281490445137024,1.2776967287063599,1.2733445167541504,1.2695001363754272,1.2661962509155273,1.2621113061904907,1.2590242624282837,1.2554168701171875,1.2514656782150269,1.2483524084091187,1.2450088262557983,1.2418729066848755,1.238506555557251,1.2349430322647095,1.2320823669433594,1.2281951904296875,1.2254151105880737,1.222029685974121,1.2194781303405762,1.2160323858261108,1.2128169536590576,1.2097246646881104,1.2062588930130005,1.2038359642028809,1.2004191875457764,1.1977639198303223,1.1951409578323364,1.1921356916427612,1.1897386312484741,1.1869627237319946,1.1844288110733032,1.182065725326538,1.1787703037261963,1.1760045289993286,1.1731244325637817,1.1704665422439575,2.385911703109741,1.9375295639038086,1.8512401580810547,1.8030041456222534,1.768717646598816,1.740722894668579,1.7163149118423462,1.6928123235702515,1.6717973947525024,1.6550638675689697,1.6415315866470337,1.6283094882965088,1.619057059288025,1.60796058177948,1.599790334701538,1.588966965675354,1.5810353755950928,1.5746228694915771,1.5668935775756836,1.5601938962936401,1.55344820022583,1.5468358993530273,1.5411970615386963,1.5365980863571167,1.5313899517059326,1.5268419981002808,1.5220431089401245,1.518324851989746,1.5148260593414307,1.5111722946166992,1.5073928833007812,1.503577470779419,1.5003633499145508,1.496810793876648,1.4942030906677246,1.4918431043624878,1.4894994497299194,1.487848162651062,1.4857383966445923,1.483736515045166,1.4801963567733765,1.4775274991989136,1.4749523401260376,1.472346544265747,1.470207929611206,1.4674242734909058,1.465064525604248,1.4637507200241089,1.460896372795105,1.4607502222061157,1.459313154220581,1.4573835134506226,1.4557549953460693,1.4542545080184937,1.45305335521698,1.4522417783737183,1.4509283304214478,1.4493452310562134,1.4477903842926025,1.4462885856628418,1.44575834274292,1.444948434829712,1.4442932605743408,1.442976951599121,1.443110466003418,1.4425394535064697,1.442223072052002,1.4406436681747437,1.4390119314193726,1.4393991231918335,1.4386833906173706,1.4394253492355347,1.4390655755996704,1.4378254413604736,1.4379360675811768,1.437822699546814,1.4377557039260864,1.4376845359802246,1.4369593858718872,1.436829924583435,1.4360898733139038,1.4351071119308472,1.4343039989471436,1.4347249269485474,1.4344987869262695,1.4338124990463257,1.4329824447631836,1.4312018156051636,1.4316726922988892,1.4310110807418823,1.4302774667739868,1.4292948246002197,1.4289156198501587,1.428712248802185,1.4280656576156616,1.427289366722107,1.427111268043518,1.426128625869751,1.425869345664978,1.4248594045639038,1.4248331785202026
"<Genome {'input_shape': (3, 32, 32), 'output_feature_depth': 10, 'genes': [<Gene {'node': <SumNode {'input_shapes': [(3, 32, 32), (3, 32, 32)]}>, 'input_indices': [-1, -1], 'input_shapes': [(3, 32, 32), (3, 32, 32)]}>, <Gene {'node': <DepSepConvNode {'input_shapes': [(3, 32, 32)], '_DepSepConvNode__input_shape': (3, 32, 32), '_DepSepConvNode__output_feature_depth': 64, 'kernel_size': 3}>, 'input_indices': [-1], 'input_shapes': [(3, 32, 32)]}>, <Gene {'node': <MaxPoolNode {'input_shapes': [(3, 32, 32)]}>, 'input_indices': [-1], 'input_shapes': [(3, 32, 32)]}>, <Gene {'node': <CatNode {'input_shapes': [(3, 16, 16), (3, 3, 3)]}>, 'input_indices': [2, 0], 'input_shapes': [(3, 16, 16), (3, 3, 3)]}>, <Gene {'node': <AvgPoolNode {'input_shapes': [(6, 3, 3)]}>, 'input_indices': [3], 'input_shapes': [(6, 3, 3)]}>, <Gene {'node': <AvgPoolNode {'input_shapes': [(6, 3, 3)]}>, 'input_indices': [3], 'input_shapes': [(6, 3, 3)]}>, <Gene {'node': <SumNode {'input_shapes': [(6, 3, 3), (6, 3, 3)]}>, 'input_indices': [3, 3], 'input_shapes': [(6, 3, 3), (6, 3, 3)]}>, <Gene {'node': <SumNode {'input_shapes': [(6, 3, 3), (3, 3, 3)]}>, 'input_indices': [3, 0], 'input_shapes': [(6, 3, 3), (3, 3, 3)]}>, <Gene {'node': <ConvNode {'input_shapes': [(6, 1, 1)], '_ConvNode__input_shape': (6, 1, 1), '_ConvNode__output_feature_depth': 128, 'kernel_size': 1}>, 'input_indices': [5], 'input_shapes': [(6, 1, 1)]}>, <Gene {'node': <MaxPoolNode {'input_shapes': [(6, 1, 1)]}>, 'input_indices': [5], 'input_shapes': [(6, 1, 1)]}>]}>",2.918442964553833,2.0488531589508057,1.9970003366470337,1.9700194597244263,1.9495443105697632,1.9330183267593384,1.9171192646026611,1.9020817279815674,1.8876200914382935,1.8740702867507935,1.861587405204773,1.8500221967697144,1.8393909931182861,1.8293668031692505,1.820149302482605,1.8114217519760132,1.803434133529663,1.7956088781356812,1.788171410560608,1.7812812328338623,1.774140477180481,1.7673089504241943,1.7605316638946533,1.7540329694747925,1.747323989868164,1.7401936054229736,1.7336522340774536,1.7265732288360596,1.7196528911590576,1.712186574935913,1.7050126791000366,1.6977639198303223,1.690608263015747,1.6836297512054443,1.6763070821762085,1.6694836616516113,1.662961483001709,1.655969262123108,1.6493666172027588,1.6424775123596191,1.6357529163360596,1.629469633102417,1.6229256391525269,1.617310643196106,1.6111751794815063,1.6056488752365112,1.599967122077942,1.5947842597961426,1.5895345211029053,1.5848230123519897,1.5802839994430542,1.5759209394454956,1.571758508682251,1.567745327949524,1.5639536380767822,1.5602166652679443,1.55662202835083,1.553009033203125,1.5498881340026855,1.5463885068893433,1.5433963537216187,1.5403779745101929,1.537445306777954,1.5348597764968872,1.532018780708313,1.5293469429016113,1.5269272327423096,1.5240838527679443,1.5218309164047241,1.5190951824188232,1.5168964862823486,1.5143544673919678,1.512168049812317,1.5096491575241089,1.5074762105941772,1.5050506591796875,1.5030509233474731,1.500815510749817,1.498469591140747,1.4960300922393799,1.4941778182983398,1.491988182067871,1.4901669025421143,1.4878721237182617,1.4861805438995361,1.4840281009674072,1.482239007949829,1.4800097942352295,1.4782990217208862,1.4761672019958496,1.4741005897521973,1.4724138975143433,1.470353364944458,1.4684243202209473,1.4669839143753052,1.464820384979248,1.4628348350524902,1.4610481262207031,1.4596580266952515,1.457785725593567,1.4560368061065674,2.8648900985717773,2.029633045196533,1.9867191314697266,1.9645538330078125,1.9468029737472534,1.9317547082901,1.9169024229049683,1.9023975133895874,1.8883183002471924,1.8750790357589722,1.8626863956451416,1.8512356281280518,1.8408310413360596,1.8311903476715088,1.822644829750061,1.814805030822754,1.8075226545333862,1.8006553649902344,1.7942180633544922,1.7880280017852783,1.781977653503418,1.7759202718734741,1.7702099084854126,1.7645752429962158,1.7590233087539673,1.7531368732452393,1.7475007772445679,1.7419723272323608,1.7363258600234985,1.729862093925476,1.7239102125167847,1.718104600906372,1.7118399143218994,1.706189513206482,1.699872374534607,1.6938785314559937,1.6878435611724854,1.6814266443252563,1.6756916046142578,1.6698297262191772,1.6641658544540405,1.6592286825180054,1.6541146039962769,1.6499179601669312,1.6450550556182861,1.6410102844238281,1.6371592283248901,1.6333589553833008,1.6300772428512573,1.6270016431808472,1.624202013015747,1.6213966608047485,1.6189359426498413,1.6162937879562378,1.613600730895996,1.6113907098770142,1.6089619398117065,1.6070069074630737,1.6048246622085571,1.6025923490524292,1.6006320714950562,1.598938226699829,1.5970814228057861,1.595700740814209,1.5933963060379028,1.5917702913284302,1.5903801918029785,1.5881032943725586,1.5865293741226196,1.5851128101348877,1.5836169719696045,1.582147240638733,1.5801897048950195,1.5789713859558105,1.5770883560180664,1.5755515098571777,1.5738270282745361,1.572185754776001,1.5700033903121948,1.5685073137283325,1.5665138959884644,1.5654786825180054,1.563338041305542,1.561543345451355,1.5598547458648682,1.5594167709350586,1.5568650960922241,1.5550633668899536,1.5532888174057007,1.5519448518753052,1.550694227218628,1.5489012002944946,1.5470415353775024,1.545549750328064,1.5457594394683838,1.542965292930603,1.5408004522323608,1.5393222570419312,1.539788842201233,1.5373623371124268,1.5356930494308472
"<Genome {'input_shape': (3, 32, 32), 'output_feature_depth': 10, 'genes': [<Gene {'node': <AvgPoolNode {'input_shapes': [(3, 32, 32)]}>, 'input_indices': [-1], 'input_shapes': [(3, 32, 32)]}>, <Gene {'node': <DepSepConvNode {'input_shapes': [(3, 16, 16)], '_DepSepConvNode__input_shape': (3, 16, 16), '_DepSepConvNode__output_feature_depth': 256, 'kernel_size': 5}>, 'input_indices': [0], 'input_shapes': [(3, 16, 16)]}>, <Gene {'node': <SumNode {'input_shapes': [(3, 32, 32), (3, 32, 32)]}>, 'input_indices': [-1, -1], 'input_shapes': [(3, 32, 32), (3, 32, 32)]}>, <Gene {'node': <ConvNode {'input_shapes': [(3, 3, 3)], '_ConvNode__input_shape': (3, 3, 3), '_ConvNode__output_feature_depth': 128, 'kernel_size': 3}>, 'input_indices': [2], 'input_shapes': [(3, 3, 3)]}>, <Gene {'node': <AvgPoolNode {'input_shapes': [(3, 32, 32)]}>, 'input_indices': [-1], 'input_shapes': [(3, 32, 32)]}>, <Gene {'node': <SumNode {'input_shapes': [(3, 32, 32), (128, 3, 3)]}>, 'input_indices': [-1, 3], 'input_shapes': [(3, 32, 32), (128, 3, 3)]}>, <Gene {'node': <DepSepConvNode {'input_shapes': [(256, 16, 16)], '_DepSepConvNode__input_shape': (256, 16, 16), '_DepSepConvNode__output_feature_depth': 128, 'kernel_size': 3}>, 'input_indices': [1], 'input_shapes': [(256, 16, 16)]}>, <Gene {'node': <ConvNode {'input_shapes': [(128, 128, 128)], '_ConvNode__input_shape': (128, 128, 128), '_ConvNode__output_feature_depth': 256, 'kernel_size': 1}>, 'input_indices': [5], 'input_shapes': [(128, 128, 128)]}>, <Gene {'node': <AvgPoolNode {'input_shapes': [(3, 3, 3)]}>, 'input_indices': [2], 'input_shapes': [(3, 3, 3)]}>, <Gene {'node': <MaxPoolNode {'input_shapes': [(128, 16, 16)]}>, 'input_indices': [6], 'input_shapes': [(128, 16, 16)]}>]}>",3.322598695755005,1.834597110748291,1.7323142290115356,1.6592108011245728,1.6086729764938354,1.568162441253662,1.5323110818862915,1.502942442893982,1.4734247922897339,1.4439972639083862,1.4204050302505493,1.3960916996002197,1.3751150369644165,1.356736421585083,1.3368123769760132,1.320255160331726,1.3052515983581543,1.2923829555511475,1.281524419784546,1.2703313827514648,1.2555763721466064,1.2403510808944702,1.2210701704025269,1.2043557167053223,1.1867403984069824,1.166203498840332,1.1485176086425781,1.1311061382293701,1.1135977506637573,1.0969184637069702,1.0826867818832397,1.070385456085205,1.0541058778762817,1.0440800189971924,1.0318936109542847,1.0181498527526855,1.0069178342819214,0.9926992654800415,0.9860097765922546,0.9763733744621277,0.964252769947052,0.9484298825263977,0.9361209869384766,0.9177074432373047,0.9135006666183472,0.8983460664749146,0.88986736536026,0.8720508217811584,0.8707234859466553,0.8454467058181763,0.8414927124977112,0.8208559155464172,0.8173763751983643,0.7988288998603821,0.7931092381477356,0.7786718606948853,0.7672898173332214,0.759182333946228,0.7464495301246643,0.7355480790138245,0.7251424193382263,0.7087219953536987,0.6963281035423279,0.6865962743759155,0.675714910030365,0.6631900072097778,0.6501040458679199,0.6404454112052917,0.6312469244003296,0.6208580732345581,0.6124549508094788,0.6008076071739197,0.5917935967445374,0.5815682411193848,0.5694233775138855,0.5591286420822144,0.5519608855247498,0.5419402718544006,0.5308637022972107,0.5211705565452576,0.5178748965263367,0.5073071718215942,0.49564528465270996,0.4890923500061035,0.47851529717445374,0.47513484954833984,0.4639351963996887,0.4590597152709961,0.44611600041389465,0.4338045120239258,0.42833876609802246,0.4204022288322449,0.4211624264717102,0.41830775141716003,0.4098784625530243,0.40940791368484497,0.4015849232673645,0.4156217873096466,0.39643147587776184,0.3960368037223816,0.38142383098602295,3.275545835494995,1.8183376789093018,1.7203572988510132,1.6548162698745728,1.6106632947921753,1.5744794607162476,1.5450867414474487,1.5241559743881226,1.5024949312210083,1.4825589656829834,1.4679234027862549,1.453590750694275,1.4411691427230835,1.4321582317352295,1.4225109815597534,1.4158421754837036,1.409885287284851,1.408270001411438,1.4064393043518066,1.4056061506271362,1.4009816646575928,1.3946985006332397,1.3846038579940796,1.3765524625778198,1.3682044744491577,1.3606643676757812,1.3523086309432983,1.3479043245315552,1.3381667137145996,1.3332548141479492,1.3307853937149048,1.3278578519821167,1.3219608068466187,1.3225592374801636,1.322806715965271,1.3181966543197632,1.32097327709198,1.3140833377838135,1.3214746713638306,1.3193203210830688,1.3191941976547241,1.312923789024353,1.3161345720291138,1.3050203323364258,1.3137743473052979,1.3114346265792847,1.3144748210906982,1.3045984506607056,1.318081259727478,1.3013429641723633,1.3123582601547241,1.3055700063705444,1.3127135038375854,1.3049815893173218,1.315340280532837,1.3151195049285889,1.319129228591919,1.3277348279953003,1.3308275938034058,1.339047908782959,1.3418450355529785,1.3383394479751587,1.3410252332687378,1.3432509899139404,1.3474178314208984,1.3477447032928467,1.3473871946334839,1.3473831415176392,1.3523353338241577,1.3570327758789062,1.3598204851150513,1.3600218296051025,1.3611268997192383,1.361380934715271,1.3638657331466675,1.3652836084365845,1.3714927434921265,1.3755240440368652,1.3767794370651245,1.3813399076461792,1.392999529838562,1.402389407157898,1.4010556936264038,1.415271520614624,1.4147703647613525,1.4291412830352783,1.4286025762557983,1.4343647956848145,1.4360929727554321,1.4339083433151245,1.4435362815856934,1.4522783756256104,1.46774423122406,1.4738881587982178,1.4849191904067993,1.5054781436920166,1.515882968902588,1.5693730115890503,1.563136339187622,1.5780564546585083,1.5859798192977905
"<Genome {'input_shape': (3, 32, 32), 'output_feature_depth': 10, 'genes': [<Gene {'node': <SumNode {'input_shapes': [(3, 32, 32), (3, 32, 32)]}>, 'input_indices': [-1, -1], 'input_shapes': [(3, 32, 32), (3, 32, 32)]}>, <Gene {'node': <AvgPoolNode {'input_shapes': [(3, 3, 3)]}>, 'input_indices': [0], 'input_shapes': [(3, 3, 3)]}>, <Gene {'node': <MaxPoolNode {'input_shapes': [(3, 1, 1)]}>, 'input_indices': [1], 'input_shapes': [(3, 1, 1)]}>, <Gene {'node': <MaxPoolNode {'input_shapes': [(3, 32, 32)]}>, 'input_indices': [-1], 'input_shapes': [(3, 32, 32)]}>, <Gene {'node': <MaxPoolNode {'input_shapes': [(3, 16, 16)]}>, 'input_indices': [3], 'input_shapes': [(3, 16, 16)]}>, <Gene {'node': <SumNode {'input_shapes': [(3, 8, 8), (3, 1, 1)]}>, 'input_indices': [4, 1], 'input_shapes': [(3, 8, 8), (3, 1, 1)]}>, <Gene {'node': <AvgPoolNode {'input_shapes': [(3, 32, 32)]}>, 'input_indices': [-1], 'input_shapes': [(3, 32, 32)]}>, <Gene {'node': <MaxPoolNode {'input_shapes': [(3, 1, 1)]}>, 'input_indices': [1], 'input_shapes': [(3, 1, 1)]}>, <Gene {'node': <MaxPoolNode {'input_shapes': [(3, 32, 32)]}>, 'input_indices': [-1], 'input_shapes': [(3, 32, 32)]}>, <Gene {'node': <DepSepConvNode {'input_shapes': [(3, 16, 16)], '_DepSepConvNode__input_shape': (3, 16, 16), '_DepSepConvNode__output_feature_depth': 32, 'kernel_size': 3}>, 'input_indices': [6], 'input_shapes': [(3, 16, 16)]}>]}>",3.521986246109009,2.2909348011016846,2.120300054550171,2.0703611373901367,2.0414810180664062,2.020066261291504,2.0029478073120117,1.988258719444275,1.9757792949676514,1.9644231796264648,1.9540584087371826,1.9442740678787231,1.9350162744522095,1.9261888265609741,1.9176353216171265,1.9092748165130615,1.9010694026947021,1.8930108547210693,1.8851056098937988,1.8773537874221802,1.869891881942749,1.8625354766845703,1.8552780151367188,1.8483480215072632,1.841707706451416,1.8352729082107544,1.8292022943496704,1.8232815265655518,1.8176941871643066,1.8121991157531738,1.8071030378341675,1.8021271228790283,1.797325849533081,1.7925899028778076,1.788212776184082,1.7837715148925781,1.7796497344970703,1.7756195068359375,1.7717493772506714,1.7679848670959473,1.764306664466858,1.7608280181884766,1.7572534084320068,1.7539522647857666,1.7506986856460571,1.7475451231002808,1.744617223739624,1.7418360710144043,1.7390397787094116,1.7364959716796875,1.7340432405471802,1.7316242456436157,1.7293471097946167,1.727107286453247,1.724916934967041,1.722870945930481,1.7209030389785767,1.7190501689910889,1.7173027992248535,1.7155970335006714,1.7138950824737549,1.7122377157211304,1.7106399536132812,1.7091504335403442,1.7076599597930908,1.706174373626709,1.7048004865646362,1.7034353017807007,1.7022110223770142,1.700858473777771,1.6996864080429077,1.6985024213790894,1.697253942489624,1.6960469484329224,1.6948764324188232,1.6937264204025269,1.692681074142456,1.691604495048523,1.6907283067703247,1.6897227764129639,1.6888158321380615,1.6880244016647339,1.6870753765106201,1.686252236366272,1.685289740562439,1.684578537940979,1.6836073398590088,1.6827213764190674,1.681901216506958,1.6811546087265015,1.6804448366165161,1.6796724796295166,1.6787197589874268,1.6778427362442017,1.6770902872085571,1.6763473749160767,1.6755602359771729,1.6746996641159058,1.67384934425354,1.6730338335037231,1.6722617149353027,3.5489258766174316,2.298534631729126,2.095334768295288,2.0391883850097656,2.008953809738159,1.9872909784317017,1.9703091382980347,1.9556347131729126,1.9430655241012573,1.932646632194519,1.9230873584747314,1.9136532545089722,1.9049791097640991,1.8967300653457642,1.8887048959732056,1.8809922933578491,1.8736034631729126,1.866471290588379,1.8593987226486206,1.8522577285766602,1.8455661535263062,1.838822364807129,1.8320883512496948,1.8253443241119385,1.8190622329711914,1.813081979751587,1.8075964450836182,1.8022708892822266,1.797210693359375,1.792418122291565,1.7878201007843018,1.7835537195205688,1.779466986656189,1.7755053043365479,1.7719217538833618,1.768328309059143,1.7649614810943604,1.761688232421875,1.758665919303894,1.7557556629180908,1.7529433965682983,1.7501980066299438,1.747632384300232,1.7452119588851929,1.7430498600006104,1.7410633563995361,1.7389057874679565,1.737019419670105,1.7352312803268433,1.733572244644165,1.7321157455444336,1.7306842803955078,1.7294189929962158,1.7281293869018555,1.7268908023834229,1.7256748676300049,1.724707007408142,1.7237275838851929,1.7229671478271484,1.7221355438232422,1.721451759338379,1.7206432819366455,1.7199467420578003,1.719279170036316,1.7185357809066772,1.717894196510315,1.7172425985336304,1.716549277305603,1.7159231901168823,1.7152541875839233,1.7147409915924072,1.714166283607483,1.713584303855896,1.7130249738693237,1.7125723361968994,1.7121280431747437,1.7117074728012085,1.7113186120986938,1.7109946012496948,1.7104729413986206,1.7100237607955933,1.709600806236267,1.7090867757797241,1.7086776494979858,1.7080796957015991,1.707579493522644,1.7068403959274292,1.70616614818573,1.7054252624511719,1.7047818899154663,1.7041815519332886,1.7036136388778687,1.7029920816421509,1.7025364637374878,1.7019981145858765,1.7014429569244385,1.7009241580963135,1.7003458738327026,1.699766993522644,1.6990718841552734,1.698407769203186
"<Genome {'input_shape': (3, 32, 32), 'output_feature_depth': 10, 'genes': [<Gene {'node': <MaxPoolNode {'input_shapes': [(3, 32, 32)]}>, 'input_indices': [-1], 'input_shapes': [(3, 32, 32)]}>, <Gene {'node': <CatNode {'input_shapes': [(3, 16, 16), (3, 32, 32)]}>, 'input_indices': [0, -1], 'input_shapes': [(3, 16, 16), (3, 32, 32)]}>, <Gene {'node': <AvgPoolNode {'input_shapes': [(3, 16, 16)]}>, 'input_indices': [0], 'input_shapes': [(3, 16, 16)]}>, <Gene {'node': <MaxPoolNode {'input_shapes': [(3, 8, 8)]}>, 'input_indices': [2], 'input_shapes': [(3, 8, 8)]}>, <Gene {'node': <SumNode {'input_shapes': [(3, 4, 4), (3, 32, 32)]}>, 'input_indices': [3, -1], 'input_shapes': [(3, 4, 4), (3, 32, 32)]}>, <Gene {'node': <CatNode {'input_shapes': [(6, 3, 3), (3, 4, 4)]}>, 'input_indices': [1, 3], 'input_shapes': [(6, 3, 3), (3, 4, 4)]}>, <Gene {'node': <DepSepConvNode {'input_shapes': [(3, 3, 3)], '_DepSepConvNode__input_shape': (3, 3, 3), '_DepSepConvNode__output_feature_depth': 64, 'kernel_size': 3}>, 'input_indices': [4], 'input_shapes': [(3, 3, 3)]}>, <Gene {'node': <MaxPoolNode {'input_shapes': [(9, 6, 6)]}>, 'input_indices': [5], 'input_shapes': [(9, 6, 6)]}>, <Gene {'node': <CatNode {'input_shapes': [(3, 4, 4), (64, 3, 3)]}>, 'input_indices': [3, 6], 'input_shapes': [(3, 4, 4), (64, 3, 3)]}>, <Gene {'node': <ConvNode {'input_shapes': [(9, 6, 6)], '_ConvNode__input_shape': (9, 6, 6), '_ConvNode__output_feature_depth': 256, 'kernel_size': 3}>, 'input_indices': [5], 'input_shapes': [(9, 6, 6)]}>]}>",3.1370790004730225,1.9650577306747437,1.8935015201568604,1.8427983522415161,1.801819086074829,1.7664999961853027,1.7364681959152222,1.7104301452636719,1.686832070350647,1.6665459871292114,1.6477934122085571,1.6311206817626953,1.6156084537506104,1.6003227233886719,1.5852267742156982,1.570253849029541,1.5560473203659058,1.5417957305908203,1.5287818908691406,1.515638828277588,1.5035306215286255,1.4906076192855835,1.4790363311767578,1.4687567949295044,1.4581692218780518,1.4487086534500122,1.439444899559021,1.430506944656372,1.4214988946914673,1.4128761291503906,1.4045788049697876,1.3968247175216675,1.3892549276351929,1.3822710514068604,1.374916911125183,1.3679293394088745,1.361886978149414,1.355388879776001,1.3492363691329956,1.342999815940857,1.3371708393096924,1.331252932548523,1.326066493988037,1.3210877180099487,1.3165782690048218,1.3113806247711182,1.3061984777450562,1.3020519018173218,1.2968133687973022,1.2928836345672607,1.2872326374053955,1.2828083038330078,1.2780673503875732,1.2734454870224,1.2693670988082886,1.2655342817306519,1.2617994546890259,1.2583661079406738,1.2553727626800537,1.2527128458023071,1.2489837408065796,1.2457289695739746,1.2424029111862183,1.239192247390747,1.2366875410079956,1.2336194515228271,1.2293336391448975,1.2271076440811157,1.2229036092758179,1.2203208208084106,1.216812252998352,1.214081048965454,1.2113045454025269,1.2083511352539062,1.2058722972869873,1.2035257816314697,1.2013875246047974,1.1982855796813965,1.1961990594863892,1.1935793161392212,1.1914576292037964,1.188753604888916,1.1867096424102783,1.1841527223587036,1.1811370849609375,1.1797995567321777,1.1769611835479736,1.1760021448135376,1.1725678443908691,1.172064185142517,1.1689844131469727,1.168201208114624,1.1650774478912354,1.164124608039856,1.161112666130066,1.159690499305725,1.1579574346542358,1.1559207439422607,1.1547859907150269,1.1526843309402466,1.1509146690368652,3.114285707473755,1.9443916082382202,1.8753670454025269,1.8284844160079956,1.791887640953064,1.7607206106185913,1.7347723245620728,1.712754249572754,1.693947196006775,1.6775997877120972,1.6623677015304565,1.6488564014434814,1.6366122961044312,1.6241064071655273,1.6121352910995483,1.60008704662323,1.5885533094406128,1.577040672302246,1.5662970542907715,1.5557798147201538,1.5457323789596558,1.5353630781173706,1.5255839824676514,1.5170142650604248,1.5087813138961792,1.5019705295562744,1.4947681427001953,1.4882171154022217,1.4812451601028442,1.4757299423217773,1.4697719812393188,1.4649581909179688,1.4608763456344604,1.4569543600082397,1.4524106979370117,1.4493770599365234,1.447129726409912,1.4433125257492065,1.440428376197815,1.437437653541565,1.4346872568130493,1.4313522577285767,1.428797960281372,1.427575707435608,1.4257434606552124,1.4232786893844604,1.4208042621612549,1.4191807508468628,1.4165819883346558,1.4156787395477295,1.4118515253067017,1.4101485013961792,1.4079855680465698,1.4060171842575073,1.4042941331863403,1.4029768705368042,1.4020248651504517,1.4012609720230103,1.4008238315582275,1.400696873664856,1.3993759155273438,1.3983982801437378,1.3973102569580078,1.3960387706756592,1.3959065675735474,1.3953227996826172,1.3929922580718994,1.3930249214172363,1.3904716968536377,1.3905560970306396,1.3889356851577759,1.3886817693710327,1.387335181236267,1.386783242225647,1.386212706565857,1.3863253593444824,1.3860477209091187,1.384770393371582,1.3851120471954346,1.3847335577011108,1.3841686248779297,1.383921504020691,1.3836591243743896,1.3831087350845337,1.3815215826034546,1.3829008340835571,1.3814406394958496,1.3825758695602417,1.381339430809021,1.3835238218307495,1.3824795484542847,1.3843170404434204,1.382797360420227,1.3838555812835693,1.3836138248443604,1.3836761713027954,1.3839973211288452,1.3845380544662476,1.385012149810791,1.384563684463501,1.3851906061172485
"<Genome {'input_shape': (3, 32, 32), 'output_feature_depth': 10, 'genes': [<Gene {'node': <SumNode {'input_shapes': [(3, 32, 32), (3, 32, 32)]}>, 'input_indices': [-1, -1], 'input_shapes': [(3, 32, 32), (3, 32, 32)]}>, <Gene {'node': <AvgPoolNode {'input_shapes': [(3, 3, 3)]}>, 'input_indices': [0], 'input_shapes': [(3, 3, 3)]}>, <Gene {'node': <DepSepConvNode {'input_shapes': [(3, 3, 3)], '_DepSepConvNode__input_shape': (3, 3, 3), '_DepSepConvNode__output_feature_depth': 64, 'kernel_size': 3}>, 'input_indices': [0], 'input_shapes': [(3, 3, 3)]}>, <Gene {'node': <AvgPoolNode {'input_shapes': [(3, 32, 32)]}>, 'input_indices': [-1], 'input_shapes': [(3, 32, 32)]}>, <Gene {'node': <DepSepConvNode {'input_shapes': [(3, 32, 32)], '_DepSepConvNode__input_shape': (3, 32, 32), '_DepSepConvNode__output_feature_depth': 32, 'kernel_size': 3}>, 'input_indices': [-1], 'input_shapes': [(3, 32, 32)]}>, <Gene {'node': <SumNode {'input_shapes': [(64, 3, 3), (32, 32, 32)]}>, 'input_indices': [2, 4], 'input_shapes': [(64, 3, 3), (32, 32, 32)]}>, <Gene {'node': <AvgPoolNode {'input_shapes': [(3, 3, 3)]}>, 'input_indices': [0], 'input_shapes': [(3, 3, 3)]}>, <Gene {'node': <AvgPoolNode {'input_shapes': [(3, 32, 32)]}>, 'input_indices': [-1], 'input_shapes': [(3, 32, 32)]}>, <Gene {'node': <ConvNode {'input_shapes': [(32, 32, 32)], '_ConvNode__input_shape': (32, 32, 32), '_ConvNode__output_feature_depth': 128, 'kernel_size': 3}>, 'input_indices': [4], 'input_shapes': [(32, 32, 32)]}>, <Gene {'node': <SumNode {'input_shapes': [(64, 64, 64), (32, 32, 32)]}>, 'input_indices': [5, 4], 'input_shapes': [(64, 64, 64), (32, 32, 32)]}>]}>",6.175479412078857,1.9024733304977417,1.7923526763916016,1.724762201309204,1.6758567094802856,1.63416588306427,1.5976839065551758,1.564904808998108,1.5361125469207764,1.5089588165283203,1.483590006828308,1.460343837738037,1.4377899169921875,1.4164413213729858,1.3966084718704224,1.3766268491744995,1.3584058284759521,1.3412939310073853,1.3251240253448486,1.3095661401748657,1.294730544090271,1.2811813354492188,1.2685710191726685,1.2566407918930054,1.2451457977294922,1.2341759204864502,1.2234745025634766,1.2125025987625122,1.2020699977874756,1.1908222436904907,1.1802963018417358,1.1689387559890747,1.1585783958435059,1.1490569114685059,1.1393557786941528,1.1297039985656738,1.1207515001296997,1.1123818159103394,1.102794885635376,1.093736171722412,1.0862115621566772,1.0773065090179443,1.0679495334625244,1.0599573850631714,1.0507646799087524,1.0414420366287231,1.0331196784973145,1.0244717597961426,1.0169920921325684,1.0094653367996216,1.003004789352417,0.9944531917572021,0.9868955016136169,0.9795522093772888,0.9717272520065308,0.9638388156890869,0.9548156261444092,0.9471338391304016,0.9344178438186646,0.9291136860847473,0.921684205532074,0.9129831194877625,0.9051240086555481,0.8976349830627441,0.8911018371582031,0.8837454915046692,0.8739485144615173,0.8658031225204468,0.8560094237327576,0.8460026383399963,0.8391035199165344,0.8319382071495056,0.8235962986946106,0.8168407082557678,0.8090601563453674,0.8016334176063538,0.7932205200195312,0.7866869568824768,0.7820267081260681,0.7745246291160583,0.7657827138900757,0.7599077820777893,0.7575148940086365,0.7502366304397583,0.7475035190582275,0.7434762120246887,0.7387690544128418,0.7317859530448914,0.7252216935157776,0.7192896008491516,0.7128933668136597,0.7055687308311462,0.7009033560752869,0.6963140368461609,0.6870004534721375,0.6834155917167664,0.6752631664276123,0.6730226278305054,0.6694316267967224,0.6640821099281311,0.6570228934288025,5.890029430389404,1.8604891300201416,1.7604188919067383,1.6994682550430298,1.6546720266342163,1.6165516376495361,1.5837452411651611,1.5553488731384277,1.5321273803710938,1.5101031064987183,1.4901567697525024,1.47247314453125,1.4563219547271729,1.4411288499832153,1.4275121688842773,1.414093017578125,1.402086853981018,1.3913227319717407,1.3808151483535767,1.371207356452942,1.362278938293457,1.3551067113876343,1.3486382961273193,1.3419888019561768,1.3346892595291138,1.3290477991104126,1.3235279321670532,1.3186078071594238,1.3142606019973755,1.3093146085739136,1.3059546947479248,1.30116868019104,1.2976359128952026,1.2954124212265015,1.2913066148757935,1.287375569343567,1.2852411270141602,1.2826839685440063,1.2793282270431519,1.2774852514266968,1.2766399383544922,1.2742692232131958,1.271841287612915,1.2711336612701416,1.2693508863449097,1.26645028591156,1.26485276222229,1.2636030912399292,1.2624752521514893,1.2626500129699707,1.262307047843933,1.2603167295455933,1.2592343091964722,1.2570878267288208,1.2551714181900024,1.2546459436416626,1.2526683807373047,1.2515476942062378,1.2463926076889038,1.2473732233047485,1.2464488744735718,1.243480920791626,1.2440917491912842,1.2442485094070435,1.2436742782592773,1.2455328702926636,1.2429438829421997,1.24148690700531,1.2391833066940308,1.2370145320892334,1.2378703355789185,1.2400704622268677,1.2401090860366821,1.240843653678894,1.2435704469680786,1.2464478015899658,1.2458925247192383,1.2461410760879517,1.2486059665679932,1.2494529485702515,1.2484585046768188,1.250605583190918,1.2547526359558105,1.255245566368103,1.2597365379333496,1.2635414600372314,1.2651876211166382,1.2646340131759644,1.2631502151489258,1.2648955583572388,1.2645196914672852,1.2647346258163452,1.2679831981658936,1.2709846496582031,1.2702815532684326,1.2752259969711304,1.2736356258392334,1.2801192998886108,1.2849905490875244,1.2874819040298462,1.2888237237930298
"<Genome {'input_shape': (3, 32, 32), 'output_feature_depth': 10, 'genes': [<Gene {'node': <AvgPoolNode {'input_shapes': [(3, 32, 32)]}>, 'input_indices': [-1], 'input_shapes': [(3, 32, 32)]}>, <Gene {'node': <SumNode {'input_shapes': [(3, 16, 16), (3, 16, 16)]}>, 'input_indices': [0, 0], 'input_shapes': [(3, 16, 16), (3, 16, 16)]}>, <Gene {'node': <DepSepConvNode {'input_shapes': [(3, 16, 16)], '_DepSepConvNode__input_shape': (3, 16, 16), '_DepSepConvNode__output_feature_depth': 128, 'kernel_size': 5}>, 'input_indices': [0], 'input_shapes': [(3, 16, 16)]}>, <Gene {'node': <MaxPoolNode {'input_shapes': [(3, 32, 32)]}>, 'input_indices': [-1], 'input_shapes': [(3, 32, 32)]}>, <Gene {'node': <ConvNode {'input_shapes': [(3, 16, 16)], '_ConvNode__input_shape': (3, 16, 16), '_ConvNode__output_feature_depth': 32, 'kernel_size': 3}>, 'input_indices': [0], 'input_shapes': [(3, 16, 16)]}>, <Gene {'node': <MaxPoolNode {'input_shapes': [(3, 16, 16)]}>, 'input_indices': [3], 'input_shapes': [(3, 16, 16)]}>, <Gene {'node': <DepSepConvNode {'input_shapes': [(3, 8, 8)], '_DepSepConvNode__input_shape': (3, 8, 8), '_DepSepConvNode__output_feature_depth': 256, 'kernel_size': 5}>, 'input_indices': [5], 'input_shapes': [(3, 8, 8)]}>, <Gene {'node': <CatNode {'input_shapes': [(3, 16, 16), (3, 16, 16)]}>, 'input_indices': [0, 0], 'input_shapes': [(3, 16, 16), (3, 16, 16)]}>, <Gene {'node': <MaxPoolNode {'input_shapes': [(3, 16, 16)]}>, 'input_indices': [3], 'input_shapes': [(3, 16, 16)]}>, <Gene {'node': <CatNode {'input_shapes': [(32, 16, 16), (32, 16, 16)]}>, 'input_indices': [4, 4], 'input_shapes': [(32, 16, 16), (32, 16, 16)]}>]}>",2.7650563716888428,1.9814436435699463,1.879302978515625,1.8196889162063599,1.780583381652832,1.7516318559646606,1.7296268939971924,1.7122071981430054,1.6976336240768433,1.6851296424865723,1.6740273237228394,1.6639684438705444,1.6546432971954346,1.645858645439148,1.6374844312667847,1.6295053958892822,1.6218870878219604,1.6145362854003906,1.6074471473693848,1.6007493734359741,1.5944222211837769,1.5883209705352783,1.5823725461959839,1.5767874717712402,1.5713388919830322,1.5661182403564453,1.5610283613204956,1.5558526515960693,1.550923228263855,1.5463078022003174,1.5416215658187866,1.5372525453567505,1.5329937934875488,1.528708577156067,1.524631142616272,1.5207655429840088,1.5168840885162354,1.5131834745407104,1.50957190990448,1.5058865547180176,1.5023554563522339,1.4987852573394775,1.4953854084014893,1.4918558597564697,1.4884740114212036,1.4851510524749756,1.4819245338439941,1.4786118268966675,1.4755747318267822,1.4724875688552856,1.4695181846618652,1.4664487838745117,1.4633246660232544,1.4604287147521973,1.4576990604400635,1.4549046754837036,1.452112078666687,1.4493162631988525,1.4466103315353394,1.4438639879226685,1.441150426864624,1.438503384590149,1.435890793800354,1.433502435684204,1.4310160875320435,1.4285531044006348,1.4260120391845703,1.4235880374908447,1.4212368726730347,1.4188669919967651,1.4165921211242676,1.4142158031463623,1.4119775295257568,1.4094756841659546,1.4071804285049438,1.4047194719314575,1.402528166770935,1.4000682830810547,1.3979814052581787,1.3955297470092773,1.3930611610412598,1.3906387090682983,1.3880720138549805,1.38564932346344,1.3830550909042358,1.3806506395339966,1.378430962562561,1.3760169744491577,1.3737950325012207,1.3715218305587769,1.3693702220916748,1.367072582244873,1.3649085760116577,1.3627163171768188,1.3605307340621948,1.358446478843689,1.356337547302246,1.35423743724823,1.3521369695663452,1.3501613140106201,1.3482081890106201,2.734187126159668,1.9714380502700806,1.8696861267089844,1.8094700574874878,1.7710628509521484,1.7431526184082031,1.7224998474121094,1.707038164138794,1.6943954229354858,1.6840801239013672,1.6750444173812866,1.6671980619430542,1.6601084470748901,1.6535205841064453,1.647344946861267,1.6415985822677612,1.6364353895187378,1.631494402885437,1.6265710592269897,1.621930480003357,1.617635726928711,1.6135138273239136,1.609568476676941,1.6056679487228394,1.6017588376998901,1.5981800556182861,1.594590187072754,1.5908161401748657,1.5873078107833862,1.5839300155639648,1.580213189125061,1.5767592191696167,1.5738333463668823,1.5704740285873413,1.5674647092819214,1.5644495487213135,1.5617319345474243,1.5589219331741333,1.5559381246566772,1.5526336431503296,1.549601435661316,1.5464062690734863,1.5436582565307617,1.5406255722045898,1.5379735231399536,1.5351104736328125,1.532631278038025,1.5296634435653687,1.5269330739974976,1.52415132522583,1.521801233291626,1.519394040107727,1.5167295932769775,1.5142959356307983,1.5119866132736206,1.5096912384033203,1.5075994729995728,1.504947543144226,1.5031523704528809,1.5010613203048706,1.499367117881775,1.4975600242614746,1.49551260471344,1.494038462638855,1.4925800561904907,1.4910904169082642,1.489640474319458,1.488211989402771,1.486739158630371,1.4852555990219116,1.484007716178894,1.4824650287628174,1.4814115762710571,1.4799174070358276,1.4790371656417847,1.477861762046814,1.477042317390442,1.4757102727890015,1.4744127988815308,1.4728792905807495,1.4712108373641968,1.4701576232910156,1.468949794769287,1.467880129814148,1.4667506217956543,1.4657248258590698,1.464905858039856,1.4637751579284668,1.4629900455474854,1.4621833562850952,1.461168646812439,1.460211992263794,1.4592455625534058,1.458478331565857,1.457574486732483,1.4567095041275024,1.455862283706665,1.4548238515853882,1.4538191556930542,1.4528937339782715,1.451903223991394
"<Genome {'input_shape': (3, 32, 32), 'output_feature_depth': 10, 'genes': [<Gene {'node': <CatNode {'input_shapes': [(3, 32, 32), (3, 32, 32)]}>, 'input_indices': [-1, -1], 'input_shapes': [(3, 32, 32), (3, 32, 32)]}>, <Gene {'node': <SumNode {'input_shapes': [(3, 32, 32), (6, 3, 3)]}>, 'input_indices': [-1, 0], 'input_shapes': [(3, 32, 32), (6, 3, 3)]}>, <Gene {'node': <SumNode {'input_shapes': [(6, 6, 6), (6, 6, 6)]}>, 'input_indices': [1, 1], 'input_shapes': [(6, 6, 6), (6, 6, 6)]}>, <Gene {'node': <MaxPoolNode {'input_shapes': [(6, 6, 6)]}>, 'input_indices': [2], 'input_shapes': [(6, 6, 6)]}>, <Gene {'node': <AvgPoolNode {'input_shapes': [(6, 6, 6)]}>, 'input_indices': [1], 'input_shapes': [(6, 6, 6)]}>, <Gene {'node': <CatNode {'input_shapes': [(6, 3, 3), (6, 3, 3)]}>, 'input_indices': [0, 0], 'input_shapes': [(6, 3, 3), (6, 3, 3)]}>, <Gene {'node': <DepSepConvNode {'input_shapes': [(12, 6, 6)], '_DepSepConvNode__input_shape': (12, 6, 6), '_DepSepConvNode__output_feature_depth': 128, 'kernel_size': 3}>, 'input_indices': [5], 'input_shapes': [(12, 6, 6)]}>, <Gene {'node': <DepSepConvNode {'input_shapes': [(128, 6, 6)], '_DepSepConvNode__input_shape': (128, 6, 6), '_DepSepConvNode__output_feature_depth': 256, 'kernel_size': 3}>, 'input_indices': [6], 'input_shapes': [(128, 6, 6)]}>, <Gene {'node': <ConvNode {'input_shapes': [(128, 6, 6)], '_ConvNode__input_shape': (128, 6, 6), '_ConvNode__output_feature_depth': 64, 'kernel_size': 3}>, 'input_indices': [6], 'input_shapes': [(128, 6, 6)]}>, <Gene {'node': <ConvNode {'input_shapes': [(6, 6, 6)], '_ConvNode__input_shape': (6, 6, 6), '_ConvNode__output_feature_depth': 128, 'kernel_size': 1}>, 'input_indices': [1], 'input_shapes': [(6, 6, 6)]}>]}>",6.643378734588623,1.8381317853927612,1.7332619428634644,1.666945219039917,1.6089465618133545,1.563249945640564,1.524041771888733,1.494091272354126,1.4579687118530273,1.4265131950378418,1.3967607021331787,1.3701099157333374,1.344757318496704,1.319665789604187,1.2979165315628052,1.276955246925354,1.255976676940918,1.2338945865631104,1.212546944618225,1.1939218044281006,1.1726146936416626,1.1545230150222778,1.135789394378662,1.1182472705841064,1.100586175918579,1.0834698677062988,1.0673635005950928,1.0523475408554077,1.0381042957305908,1.0246940851211548,1.010048747062683,0.9970537424087524,0.9851023554801941,0.9725477695465088,0.9597876071929932,0.9503766894340515,0.9395674467086792,0.9292765259742737,0.9178236722946167,0.9066213965415955,0.8949068784713745,0.8852612376213074,0.8736864924430847,0.8642998933792114,0.8531089425086975,0.8382676243782043,0.8274389505386353,0.8142123818397522,0.800592839717865,0.787445068359375,0.7739111185073853,0.7617627382278442,0.7487437725067139,0.7371476888656616,0.725446343421936,0.7158284783363342,0.7038217186927795,0.6946175694465637,0.6832747459411621,0.6762257814407349,0.6616551876068115,0.6548988223075867,0.6437785625457764,0.6346437335014343,0.6271252632141113,0.6118343472480774,0.598844587802887,0.5942871570587158,0.5897236466407776,0.5829961895942688,0.5808169841766357,0.5766423344612122,0.5733942985534668,0.5706343650817871,0.5685907006263733,0.5650728344917297,0.5592838525772095,0.5548647046089172,0.5411220788955688,0.5296308994293213,0.5164632797241211,0.5028635263442993,0.4939224421977997,0.48230165243148804,0.46807801723480225,0.4551246762275696,0.4400472044944763,0.42861977219581604,0.4163934886455536,0.40835124254226685,0.3950987458229065,0.3831212520599365,0.3749678432941437,0.36591827869415283,0.3539547920227051,0.35434865951538086,0.3547150492668152,0.34810736775398254,0.3455095589160919,0.3447043299674988,0.34639817476272583,6.302190780639648,1.8008683919906616,1.7010748386383057,1.643929123878479,1.5967305898666382,1.561436414718628,1.5353611707687378,1.5184680223464966,1.496984601020813,1.4785027503967285,1.4602344036102295,1.4448015689849854,1.4301315546035767,1.4153941869735718,1.4046930074691772,1.3939309120178223,1.3824394941329956,1.3712825775146484,1.3604508638381958,1.3523768186569214,1.3424562215805054,1.3355754613876343,1.3265137672424316,1.3202929496765137,1.3150914907455444,1.3093611001968384,1.3053643703460693,1.3031452894210815,1.2984917163848877,1.2979964017868042,1.2955007553100586,1.2940062284469604,1.2944964170455933,1.2911118268966675,1.2891968488693237,1.2875391244888306,1.2861230373382568,1.2857547998428345,1.2841980457305908,1.2840341329574585,1.2850350141525269,1.2866114377975464,1.2873976230621338,1.2909315824508667,1.2918142080307007,1.2869635820388794,1.2889187335968018,1.2865519523620605,1.2862286567687988,1.2883517742156982,1.2894678115844727,1.2924799919128418,1.294714331626892,1.2998363971710205,1.3011739253997803,1.3054618835449219,1.308862328529358,1.3119310140609741,1.3161849975585938,1.321259617805481,1.3217853307724,1.3256317377090454,1.3303951025009155,1.3331422805786133,1.3377900123596191,1.3420881032943726,1.3421857357025146,1.3506344556808472,1.356789469718933,1.3592536449432373,1.3683351278305054,1.3762797117233276,1.3810148239135742,1.3939604759216309,1.4122530221939087,1.4200400114059448,1.4394954442977905,1.451626181602478,1.4561526775360107,1.4671282768249512,1.4674160480499268,1.4725741147994995,1.480742335319519,1.4934130907058716,1.4913471937179565,1.4935376644134521,1.492996096611023,1.4948190450668335,1.4937454462051392,1.4984157085418701,1.4978331327438354,1.497336745262146,1.4979528188705444,1.5000547170639038,1.5061373710632324,1.5149911642074585,1.5363376140594482,1.5485179424285889,1.5571777820587158,1.5769883394241333,1.596796989440918
"<Genome {'input_shape': (3, 32, 32), 'output_feature_depth': 10, 'genes': [<Gene {'node': <SumNode {'input_shapes': [(3, 32, 32), (3, 32, 32)]}>, 'input_indices': [-1, -1], 'input_shapes': [(3, 32, 32), (3, 32, 32)]}>, <Gene {'node': <MaxPoolNode {'input_shapes': [(3, 3, 3)]}>, 'input_indices': [0], 'input_shapes': [(3, 3, 3)]}>, <Gene {'node': <MaxPoolNode {'input_shapes': [(3, 1, 1)]}>, 'input_indices': [1], 'input_shapes': [(3, 1, 1)]}>, <Gene {'node': <ConvNode {'input_shapes': [(3, 3, 3)], '_ConvNode__input_shape': (3, 3, 3), '_ConvNode__output_feature_depth': 128, 'kernel_size': 3}>, 'input_indices': [0], 'input_shapes': [(3, 3, 3)]}>, <Gene {'node': <ConvNode {'input_shapes': [(128, 3, 3)], '_ConvNode__input_shape': (128, 3, 3), '_ConvNode__output_feature_depth': 128, 'kernel_size': 3}>, 'input_indices': [3], 'input_shapes': [(128, 3, 3)]}>, <Gene {'node': <MaxPoolNode {'input_shapes': [(128, 3, 3)]}>, 'input_indices': [4], 'input_shapes': [(128, 3, 3)]}>, <Gene {'node': <DepSepConvNode {'input_shapes': [(128, 3, 3)], '_DepSepConvNode__input_shape': (128, 3, 3), '_DepSepConvNode__output_feature_depth': 128, 'kernel_size': 5}>, 'input_indices': [4], 'input_shapes': [(128, 3, 3)]}>, <Gene {'node': <SumNode {'input_shapes': [(3, 1, 1), (3, 32, 32)]}>, 'input_indices': [2, -1], 'input_shapes': [(3, 1, 1), (3, 32, 32)]}>, <Gene {'node': <SumNode {'input_shapes': [(3, 3, 3), (128, 1, 1)]}>, 'input_indices': [0, 5], 'input_shapes': [(3, 3, 3), (128, 1, 1)]}>, <Gene {'node': <ConvNode {'input_shapes': [(128, 1, 1)], '_ConvNode__input_shape': (128, 1, 1), '_ConvNode__output_feature_depth': 256, 'kernel_size': 3}>, 'input_indices': [5], 'input_shapes': [(128, 1, 1)]}>]}>",5.373957633972168,1.676066517829895,1.5498119592666626,1.4659266471862793,1.394873857498169,1.3310370445251465,1.2777156829833984,1.2286571264266968,1.1851184368133545,1.1442337036132812,1.1109470129013062,1.0654680728912354,1.024246335029602,0.9830207824707031,0.9427371621131897,0.9096785187721252,0.8736565709114075,0.8295416235923767,0.7892035841941833,0.7538695335388184,0.7190545201301575,0.6887762546539307,0.6417152285575867,0.5969140529632568,0.5711737275123596,0.5443419814109802,0.5082492232322693,0.48216816782951355,0.4652194380760193,0.4345151484012604,0.4406113922595978,0.46319329738616943,0.4622473418712616,0.39659982919692993,0.3468581736087799,0.31708312034606934,0.29557865858078003,0.26250550150871277,0.2583295404911041,0.23445731401443481,0.2272598296403885,0.22474971413612366,0.18586081266403198,0.15213501453399658,0.14099209010601044,0.13386490941047668,0.11232992261648178,0.08673346787691116,0.07030657678842545,0.06409710645675659,0.05489965155720711,0.05210386961698532,0.03979044407606125,0.03571450337767601,0.03322715684771538,0.031007198616862297,0.028896618634462357,0.026914997026324272,0.025161975994706154,0.02366897650063038,0.022318018600344658,0.021151285618543625,0.020103802904486656,0.019253045320510864,0.018433472141623497,0.01775042898952961,0.017097976058721542,0.01650702953338623,0.015942320227622986,0.015429389663040638,0.014987417496740818,0.014548416249454021,0.014153643511235714,0.013786403462290764,0.013402976095676422,0.013083146885037422,0.01275577675551176,0.012437173165380955,0.012158054858446121,0.0118633434176445,0.011594011448323727,0.011343782767653465,0.011117094196379185,0.010913105681538582,0.010697221383452415,0.010522500611841679,0.01034584827721119,0.010153746232390404,0.009992026723921299,0.00981026329100132,0.009630430489778519,0.009480333887040615,0.00933109037578106,0.009198511950671673,0.009053782559931278,0.008914722129702568,0.008797982707619667,0.008675673045217991,0.008566556498408318,0.008435980416834354,0.008316947147250175,5.289483547210693,1.6674116849899292,1.5451611280441284,1.4766367673873901,1.4315599203109741,1.389935851097107,1.3570650815963745,1.3317095041275024,1.3098734617233276,1.288172721862793,1.27379310131073,1.2522681951522827,1.2366527318954468,1.2210763692855835,1.2112034559249878,1.2067466974258423,1.1962387561798096,1.1807594299316406,1.1696929931640625,1.1663762331008911,1.158643126487732,1.1619737148284912,1.1560138463974,1.1362828016281128,1.1523207426071167,1.17179274559021,1.17475163936615,1.1871041059494019,1.2251980304718018,1.2229121923446655,1.2434383630752563,1.3025912046432495,1.3591012954711914,1.3252824544906616,1.302573561668396,1.2995179891586304,1.324239730834961,1.3154419660568237,1.361873745918274,1.3764533996582031,1.3874809741973877,1.3912477493286133,1.3820714950561523,1.3611698150634766,1.3698043823242188,1.3657573461532593,1.4012826681137085,1.396925449371338,1.4414613246917725,1.4573042392730713,1.468554973602295,1.4918431043624878,1.4717752933502197,1.471023440361023,1.4805586338043213,1.4912645816802979,1.5013426542282104,1.5126398801803589,1.520004391670227,1.5263010263442993,1.5321769714355469,1.5389293432235718,1.5455056428909302,1.5510801076889038,1.558289885520935,1.5661665201187134,1.5755647420883179,1.5836801528930664,1.5928518772125244,1.602005958557129,1.6112135648727417,1.6203354597091675,1.6296926736831665,1.6391950845718384,1.6474770307540894,1.6567655801773071,1.6653432846069336,1.6735286712646484,1.6820344924926758,1.689940333366394,1.6978920698165894,1.706279993057251,1.714362382888794,1.7225000858306885,1.7307217121124268,1.738287329673767,1.7461671829223633,1.7536159753799438,1.761643648147583,1.768877387046814,1.7768563032150269,1.784769892692566,1.7924470901489258,1.7998424768447876,1.8071609735488892,1.814294457435608,1.8221262693405151,1.8296854496002197,1.8371747732162476,1.8447725772857666,1.8519976139068604
"<Genome {'input_shape': (3, 32, 32), 'output_feature_depth': 10, 'genes': [<Gene {'node': <SumNode {'input_shapes': [(3, 32, 32), (3, 32, 32)]}>, 'input_indices': [-1, -1], 'input_shapes': [(3, 32, 32), (3, 32, 32)]}>, <Gene {'node': <AvgPoolNode {'input_shapes': [(3, 3, 3)]}>, 'input_indices': [0], 'input_shapes': [(3, 3, 3)]}>, <Gene {'node': <ConvNode {'input_shapes': [(3, 1, 1)], '_ConvNode__input_shape': (3, 1, 1), '_ConvNode__output_feature_depth': 256, 'kernel_size': 1}>, 'input_indices': [1], 'input_shapes': [(3, 1, 1)]}>, <Gene {'node': <AvgPoolNode {'input_shapes': [(3, 3, 3)]}>, 'input_indices': [0], 'input_shapes': [(3, 3, 3)]}>, <Gene {'node': <DepSepConvNode {'input_shapes': [(3, 1, 1)], '_DepSepConvNode__input_shape': (3, 1, 1), '_DepSepConvNode__output_feature_depth': 32, 'kernel_size': 3}>, 'input_indices': [3], 'input_shapes': [(3, 1, 1)]}>, <Gene {'node': <MaxPoolNode {'input_shapes': [(256, 1, 1)]}>, 'input_indices': [2], 'input_shapes': [(256, 1, 1)]}>, <Gene {'node': <AvgPoolNode {'input_shapes': [(3, 3, 3)]}>, 'input_indices': [0], 'input_shapes': [(3, 3, 3)]}>, <Gene {'node': <SumNode {'input_shapes': [(256, 1, 1), (3, 32, 32)]}>, 'input_indices': [2, -1], 'input_shapes': [(256, 1, 1), (3, 32, 32)]}>, <Gene {'node': <MaxPoolNode {'input_shapes': [(3, 1, 1)]}>, 'input_indices': [6], 'input_shapes': [(3, 1, 1)]}>, <Gene {'node': <MaxPoolNode {'input_shapes': [(3, 1, 1)]}>, 'input_indices': [3], 'input_shapes': [(3, 1, 1)]}>]}>",3.0069713592529297,2.030761480331421,2.0002336502075195,1.9818801879882812,1.9663249254226685,1.9514946937561035,1.9370357990264893,1.9225519895553589,1.9076811075210571,1.892870306968689,1.8780878782272339,1.863169550895691,1.8483613729476929,1.8340044021606445,1.8201314210891724,1.806889533996582,1.79425048828125,1.7821264266967773,1.770618200302124,1.7597755193710327,1.7494711875915527,1.7397583723068237,1.7305934429168701,1.7220914363861084,1.7138209342956543,1.7063161134719849,1.6992791891098022,1.692637324333191,1.6864831447601318,1.6807916164398193,1.6755530834197998,1.6704236268997192,1.6657698154449463,1.661279559135437,1.6573032140731812,1.653303861618042,1.6496728658676147,1.6463326215744019,1.643202543258667,1.640008568763733,1.6372052431106567,1.634324550628662,1.631840705871582,1.6292297840118408,1.6268565654754639,1.624589443206787,1.622295618057251,1.6202316284179688,1.618141531944275,1.616218090057373,1.6143721342086792,1.6126010417938232,1.610915184020996,1.6092360019683838,1.6076711416244507,1.6061408519744873,1.6048201322555542,1.603287935256958,1.6020567417144775,1.6006122827529907,1.5993760824203491,1.5981340408325195,1.5969736576080322,1.595798134803772,1.5946173667907715,1.5935349464416504,1.5925030708312988,1.591405987739563,1.5904005765914917,1.5895369052886963,1.588754653930664,1.5878527164459229,1.5869112014770508,1.586042881011963,1.5852195024490356,1.5843853950500488,1.5835779905319214,1.5828132629394531,1.5825083255767822,1.581405520439148,1.5813006162643433,1.5804979801177979,1.5797680616378784,1.5790873765945435,1.5785328149795532,1.5775808095932007,1.5767756700515747,1.5765881538391113,1.5755414962768555,1.5754462480545044,1.5748977661132812,1.5743948221206665,1.5730689764022827,1.5732966661453247,1.5719096660614014,1.572046160697937,1.571535587310791,1.5714081525802612,1.5708162784576416,1.5702890157699585,1.569767951965332,2.962354898452759,2.0220534801483154,1.9953300952911377,1.9799232482910156,1.967328667640686,1.9548977613449097,1.9423046112060547,1.9291690587997437,1.9153121709823608,1.9016345739364624,1.8879435062408447,1.8743383884429932,1.861437201499939,1.8483307361602783,1.8353077173233032,1.823002815246582,1.8111934661865234,1.7998924255371094,1.7890633344650269,1.7788286209106445,1.7690105438232422,1.7596114873886108,1.7502132654190063,1.7412961721420288,1.7335203886032104,1.7262744903564453,1.7194225788116455,1.7130399942398071,1.7073993682861328,1.7018922567367554,1.6968252658843994,1.6919021606445312,1.6876652240753174,1.6833752393722534,1.6797748804092407,1.6760109663009644,1.672602891921997,1.6694687604904175,1.6666300296783447,1.663561463356018,1.6610281467437744,1.6582374572753906,1.6558974981307983,1.6531797647476196,1.6508524417877197,1.6485975980758667,1.6463526487350464,1.6444330215454102,1.6421560049057007,1.6402605772018433,1.6385765075683594,1.6368703842163086,1.6353332996368408,1.6338719129562378,1.6322332620620728,1.6309759616851807,1.6295219659805298,1.6284593343734741,1.6271203756332397,1.6261558532714844,1.6248453855514526,1.623793601989746,1.6227916479110718,1.6217211484909058,1.6208221912384033,1.6198968887329102,1.6190483570098877,1.6182196140289307,1.6174076795578003,1.6165586709976196,1.6157585382461548,1.6150306463241577,1.6142371892929077,1.6133660078048706,1.6127182245254517,1.6120144128799438,1.6114237308502197,1.6106594800949097,1.6098467111587524,1.6094611883163452,1.6088656187057495,1.6084035634994507,1.6079288721084595,1.6074609756469727,1.6071007251739502,1.6066350936889648,1.6063441038131714,1.6058082580566406,1.6054737567901611,1.6051685810089111,1.6049416065216064,1.6047029495239258,1.604164481163025,1.6037696599960327,1.6035032272338867,1.6031798124313354,1.6029605865478516,1.6028419733047485,1.6025209426879883,1.6023727655410767,1.602099061012268
"<Genome {'input_shape': (3, 32, 32), 'output_feature_depth': 10, 'genes': [<Gene {'node': <MaxPoolNode {'input_shapes': [(3, 32, 32)]}>, 'input_indices': [-1], 'input_shapes': [(3, 32, 32)]}>, <Gene {'node': <ConvNode {'input_shapes': [(3, 16, 16)], '_ConvNode__input_shape': (3, 16, 16), '_ConvNode__output_feature_depth': 32, 'kernel_size': 3}>, 'input_indices': [0], 'input_shapes': [(3, 16, 16)]}>, <Gene {'node': <DepSepConvNode {'input_shapes': [(32, 16, 16)], '_DepSepConvNode__input_shape': (32, 16, 16), '_DepSepConvNode__output_feature_depth': 256, 'kernel_size': 3}>, 'input_indices': [1], 'input_shapes': [(32, 16, 16)]}>, <Gene {'node': <CatNode {'input_shapes': [(3, 32, 32), (256, 16, 16)]}>, 'input_indices': [-1, 2], 'input_shapes': [(3, 32, 32), (256, 16, 16)]}>, <Gene {'node': <MaxPoolNode {'input_shapes': [(259, 256, 256)]}>, 'input_indices': [3], 'input_shapes': [(259, 256, 256)]}>, <Gene {'node': <ConvNode {'input_shapes': [(259, 256, 256)], '_ConvNode__input_shape': (259, 256, 256), '_ConvNode__output_feature_depth': 128, 'kernel_size': 3}>, 'input_indices': [3], 'input_shapes': [(259, 256, 256)]}>, <Gene {'node': <ConvNode {'input_shapes': [(259, 256, 256)], '_ConvNode__input_shape': (259, 256, 256), '_ConvNode__output_feature_depth': 256, 'kernel_size': 1}>, 'input_indices': [3], 'input_shapes': [(259, 256, 256)]}>, <Gene {'node': <AvgPoolNode {'input_shapes': [(3, 16, 16)]}>, 'input_indices': [0], 'input_shapes': [(3, 16, 16)]}>, <Gene {'node': <AvgPoolNode {'input_shapes': [(3, 32, 32)]}>, 'input_indices': [-1], 'input_shapes': [(3, 32, 32)]}>, <Gene {'node': <DepSepConvNode {'input_shapes': [(256, 256, 256)], '_DepSepConvNode__input_shape': (256, 256, 256), '_DepSepConvNode__output_feature_depth': 64, 'kernel_size': 5}>, 'input_indices': [6], 'input_shapes': [(256, 256, 256)]}>]}>",2.465498447418213,1.7108553647994995,1.5954315662384033,1.510616421699524,1.4381657838821411,1.3768198490142822,1.320818305015564,1.2689006328582764,1.2206586599349976,1.1746364831924438,1.1288824081420898,1.0835736989974976,1.0393707752227783,0.994511604309082,0.952203631401062,0.9070594310760498,0.8653880953788757,0.8216175436973572,0.7801489233970642,0.7392768859863281,0.7010577321052551,0.6636784672737122,0.6238319277763367,0.5813010931015015,0.5409122705459595,0.5085244178771973,0.47414666414260864,0.4380912482738495,0.40044930577278137,0.36369991302490234,0.3277793228626251,0.2933032512664795,0.27824708819389343,0.26189124584198,0.24675072729587555,0.23662100732326508,0.17415882647037506,0.21674495935440063,0.17664454877376556,0.1705537587404251,0.17313992977142334,0.16336441040039062,0.16666404902935028,0.16158036887645721,0.11206234246492386,0.10277499258518219,0.07365875691175461,0.055252548307180405,0.043544743210077286,0.037712596356868744,0.03059430979192257,0.025797409936785698,0.02189524658024311,0.019245700910687447,0.01746330037713051,0.016100989654660225,0.014962547458708286,0.013958952389657497,0.013079092837870121,0.01229606382548809,0.011569316498935223,0.010913845151662827,0.010307690128684044,0.00975784845650196,0.009244666434824467,0.008785807527601719,0.008349820971488953,0.007959193550050259,0.007583052851259708,0.007227171212434769,0.0069051175378263,0.006598183419555426,0.006316204555332661,0.00604195985943079,0.0057898024097085,0.005554077215492725,0.005323211662471294,0.005110712256282568,0.004905866924673319,0.004710838198661804,0.004525609780102968,0.00434814253821969,0.004181439522653818,0.004021046217530966,0.0038703489117324352,0.0037262123078107834,0.003590748179703951,0.0034550114069133997,0.0033258991315960884,0.0032051203306764364,0.0030892426148056984,0.002980424091219902,0.002875408623367548,0.0027735477779060602,0.0026720312889665365,0.0025769066996872425,0.0024881057906895876,0.002400687662884593,0.002319440245628357,0.0022408331278711557,0.0021616171579807997,2.4543697834014893,1.7084906101226807,1.6101316213607788,1.5434216260910034,1.4900504350662231,1.4481858015060425,1.4121830463409424,1.3794538974761963,1.350530743598938,1.3260455131530762,1.3052680492401123,1.2868679761886597,1.2743268013000488,1.2644875049591064,1.2589901685714722,1.2544869184494019,1.256083369255066,1.2544505596160889,1.2570744752883911,1.261673927307129,1.2705864906311035,1.2806614637374878,1.286526083946228,1.287286400794983,1.2953234910964966,1.3095438480377197,1.32754647731781,1.3415378332138062,1.3568408489227295,1.3695369958877563,1.3738521337509155,1.389856219291687,1.4196465015411377,1.4461383819580078,1.4925428628921509,1.522247314453125,1.5183472633361816,1.6283224821090698,1.5898462533950806,1.579114556312561,1.6662667989730835,1.6931642293930054,1.7243797779083252,1.783709168434143,1.7572376728057861,1.8208084106445312,1.7604929208755493,1.7544443607330322,1.7348898649215698,1.7438064813613892,1.7498199939727783,1.7553077936172485,1.7603092193603516,1.7682520151138306,1.7769666910171509,1.7871500253677368,1.797528624534607,1.8078279495239258,1.8184890747070312,1.828574776649475,1.8382335901260376,1.847509741783142,1.8565281629562378,1.8659381866455078,1.8757692575454712,1.8853645324707031,1.894927978515625,1.9043585062026978,1.9140548706054688,1.923818826675415,1.933415412902832,1.9429377317428589,1.9522331953048706,1.9614861011505127,1.9709405899047852,1.9806488752365112,1.9899457693099976,1.9993555545806885,2.00872802734375,2.01822566986084,2.0278775691986084,2.037555456161499,2.0469677448272705,2.0561416149139404,2.065422534942627,2.07466197013855,2.0842392444610596,2.0936601161956787,2.1033012866973877,2.112748384475708,2.122135639190674,2.1316535472869873,2.1410930156707764,2.1503713130950928,2.159749746322632,2.169302463531494,2.1783158779144287,2.187692642211914,2.196665048599243,2.2059826850891113,2.2152090072631836
"<Genome {'input_shape': (3, 32, 32), 'output_feature_depth': 10, 'genes': [<Gene {'node': <ConvNode {'input_shapes': [(3, 32, 32)], '_ConvNode__input_shape': (3, 32, 32), '_ConvNode__output_feature_depth': 128, 'kernel_size': 1}>, 'input_indices': [-1], 'input_shapes': [(3, 32, 32)]}>, <Gene {'node': <SumNode {'input_shapes': [(128, 32, 32), (3, 32, 32)]}>, 'input_indices': [0, -1], 'input_shapes': [(128, 32, 32), (3, 32, 32)]}>, <Gene {'node': <MaxPoolNode {'input_shapes': [(3, 32, 32)]}>, 'input_indices': [-1], 'input_shapes': [(3, 32, 32)]}>, <Gene {'node': <ConvNode {'input_shapes': [(128, 128, 128)], '_ConvNode__input_shape': (128, 128, 128), '_ConvNode__output_feature_depth': 128, 'kernel_size': 1}>, 'input_indices': [1], 'input_shapes': [(128, 128, 128)]}>, <Gene {'node': <MaxPoolNode {'input_shapes': [(128, 128, 128)]}>, 'input_indices': [3], 'input_shapes': [(128, 128, 128)]}>, <Gene {'node': <CatNode {'input_shapes': [(3, 16, 16), (128, 128, 128)]}>, 'input_indices': [2, 1], 'input_shapes': [(3, 16, 16), (128, 128, 128)]}>, <Gene {'node': <AvgPoolNode {'input_shapes': [(128, 64, 64)]}>, 'input_indices': [4], 'input_shapes': [(128, 64, 64)]}>, <Gene {'node': <AvgPoolNode {'input_shapes': [(131, 128, 128)]}>, 'input_indices': [5], 'input_shapes': [(131, 128, 128)]}>, <Gene {'node': <SumNode {'input_shapes': [(128, 64, 64), (3, 32, 32)]}>, 'input_indices': [4, -1], 'input_shapes': [(128, 64, 64), (3, 32, 32)]}>, <Gene {'node': <MaxPoolNode {'input_shapes': [(128, 128, 128)]}>, 'input_indices': [1], 'input_shapes': [(128, 128, 128)]}>]}>",2.60684871673584,1.9744051694869995,1.9291867017745972,1.9045771360397339,1.887434959411621,1.8734865188598633,1.8616021871566772,1.8518892526626587,1.8433177471160889,1.8351632356643677,1.82793128490448,1.8217660188674927,1.8158973455429077,1.8089590072631836,1.8047441244125366,1.7979049682617188,1.7929316759109497,1.7877525091171265,1.7838891744613647,1.7792460918426514,1.775072455406189,1.7713476419448853,1.7672137022018433,1.7644072771072388,1.759900450706482,1.7563966512680054,1.7539105415344238,1.7498770952224731,1.748151183128357,1.7453440427780151,1.7422829866409302,1.7393624782562256,1.7376800775527954,1.735640048980713,1.7341641187667847,1.7311477661132812,1.7307950258255005,1.7291773557662964,1.7275736331939697,1.7260671854019165,1.7250252962112427,1.7230918407440186,1.7204275131225586,1.7186150550842285,1.7176411151885986,1.7151798009872437,1.7133607864379883,1.7120994329452515,1.71066153049469,1.710109829902649,1.7089080810546875,1.7085096836090088,1.7061212062835693,1.7083802223205566,1.7072350978851318,1.7049278020858765,1.7057931423187256,1.7066898345947266,1.7049169540405273,1.7067903280258179,1.7068240642547607,1.7015037536621094,1.7036457061767578,1.7009907960891724,1.7009879350662231,1.699318528175354,1.6969306468963623,1.700132131576538,1.6949723958969116,1.6949169635772705,1.693782925605774,1.6938403844833374,1.694122314453125,1.6935677528381348,1.6923702955245972,1.6928696632385254,1.6913554668426514,1.6940090656280518,1.6929335594177246,1.6930915117263794,1.6918044090270996,1.6915005445480347,1.6900135278701782,1.6911041736602783,1.689206838607788,1.6914913654327393,1.6888970136642456,1.6894502639770508,1.6897486448287964,1.692507266998291,1.6900883913040161,1.687342882156372,1.6887418031692505,1.6876280307769775,1.6892719268798828,1.6900132894515991,1.6899380683898926,1.6928147077560425,1.6907260417938232,1.6913832426071167,1.6944659948349,2.605710983276367,1.969727873802185,1.9243143796920776,1.9014999866485596,1.8866280317306519,1.8767153024673462,1.867840051651001,1.8598111867904663,1.8552370071411133,1.8483295440673828,1.8443745374679565,1.8413625955581665,1.8375920057296753,1.8307908773422241,1.8284189701080322,1.8235533237457275,1.8210909366607666,1.8158172369003296,1.8129751682281494,1.8100923299789429,1.8081026077270508,1.8023900985717773,1.8005675077438354,1.7954381704330444,1.7947711944580078,1.7918522357940674,1.7899366617202759,1.787401795387268,1.7870358228683472,1.7862436771392822,1.7847896814346313,1.7832902669906616,1.7827208042144775,1.7828346490859985,1.7824137210845947,1.7811964750289917,1.7825154066085815,1.7822790145874023,1.7820717096328735,1.7799681425094604,1.782089114189148,1.7810375690460205,1.7790695428848267,1.7797797918319702,1.7810184955596924,1.7806819677352905,1.7812308073043823,1.7823123931884766,1.782591700553894,1.7855119705200195,1.7861759662628174,1.789798378944397,1.7905359268188477,1.7900364398956299,1.791900634765625,1.7950963973999023,1.7941287755966187,1.7950667142868042,1.7982481718063354,1.7976646423339844,1.7990611791610718,1.8023086786270142,1.8017863035202026,1.8051261901855469,1.8047863245010376,1.8076294660568237,1.8079665899276733,1.808821678161621,1.8084526062011719,1.8130286931991577,1.812662959098816,1.8157691955566406,1.8171042203903198,1.8181606531143188,1.8190901279449463,1.8204030990600586,1.8225653171539307,1.825968623161316,1.8268331289291382,1.8277374505996704,1.8276865482330322,1.8298786878585815,1.8297621011734009,1.831451416015625,1.833507776260376,1.8376483917236328,1.837871789932251,1.8394235372543335,1.8427642583847046,1.8471956253051758,1.846053123474121,1.8481645584106445,1.850051760673523,1.8525564670562744,1.8547371625900269,1.859275221824646,1.8598966598510742,1.8649948835372925,1.8653614521026611,1.8665246963500977,1.8692998886108398
"<Genome {'input_shape': (3, 32, 32), 'output_feature_depth': 10, 'genes': [<Gene {'node': <AvgPoolNode {'input_shapes': [(3, 32, 32)]}>, 'input_indices': [-1], 'input_shapes': [(3, 32, 32)]}>, <Gene {'node': <AvgPoolNode {'input_shapes': [(3, 16, 16)]}>, 'input_indices': [0], 'input_shapes': [(3, 16, 16)]}>, <Gene {'node': <SumNode {'input_shapes': [(3, 8, 8), (3, 16, 16)]}>, 'input_indices': [1, 0], 'input_shapes': [(3, 8, 8), (3, 16, 16)]}>, <Gene {'node': <SumNode {'input_shapes': [(3, 16, 16), (3, 32, 32)]}>, 'input_indices': [0, -1], 'input_shapes': [(3, 16, 16), (3, 32, 32)]}>, <Gene {'node': <DepSepConvNode {'input_shapes': [(3, 8, 8)], '_DepSepConvNode__input_shape': (3, 8, 8), '_DepSepConvNode__output_feature_depth': 128, 'kernel_size': 3}>, 'input_indices': [1], 'input_shapes': [(3, 8, 8)]}>, <Gene {'node': <ConvNode {'input_shapes': [(3, 32, 32)], '_ConvNode__input_shape': (3, 32, 32), '_ConvNode__output_feature_depth': 64, 'kernel_size': 1}>, 'input_indices': [-1], 'input_shapes': [(3, 32, 32)]}>, <Gene {'node': <SumNode {'input_shapes': [(3, 16, 16), (3, 16, 16)]}>, 'input_indices': [0, 0], 'input_shapes': [(3, 16, 16), (3, 16, 16)]}>, <Gene {'node': <DepSepConvNode {'input_shapes': [(3, 3, 3)], '_DepSepConvNode__input_shape': (3, 3, 3), '_DepSepConvNode__output_feature_depth': 32, 'kernel_size': 3}>, 'input_indices': [6], 'input_shapes': [(3, 3, 3)]}>, <Gene {'node': <ConvNode {'input_shapes': [(3, 3, 3)], '_ConvNode__input_shape': (3, 3, 3), '_ConvNode__output_feature_depth': 256, 'kernel_size': 3}>, 'input_indices': [6], 'input_shapes': [(3, 3, 3)]}>, <Gene {'node': <SumNode {'input_shapes': [(64, 32, 32), (3, 3, 3)]}>, 'input_indices': [5, 6], 'input_shapes': [(64, 32, 32), (3, 3, 3)]}>]}>",2.891954183578491,2.0162060260772705,1.95130455493927,1.9065316915512085,1.8670017719268799,1.8317375183105469,1.8009353876113892,1.774558424949646,1.7522807121276855,1.7334415912628174,1.7172834873199463,1.7031177282333374,1.690685749053955,1.6794459819793701,1.6690468788146973,1.6592451333999634,1.6497728824615479,1.6408480405807495,1.6326892375946045,1.6240768432617188,1.6162770986557007,1.6086183786392212,1.601266860961914,1.5941156148910522,1.5869576930999756,1.5799901485443115,1.5731550455093384,1.5665500164031982,1.5601040124893188,1.5537726879119873,1.5475298166275024,1.541478157043457,1.5357027053833008,1.5299526453018188,1.524391531944275,1.5190083980560303,1.513864517211914,1.5087367296218872,1.5038633346557617,1.4991611242294312,1.4945107698440552,1.4900572299957275,1.4857486486434937,1.4814244508743286,1.4773366451263428,1.4731335639953613,1.4692559242248535,1.465444803237915,1.461795449256897,1.458080530166626,1.4545458555221558,1.4510174989700317,1.4475594758987427,1.4441869258880615,1.4406603574752808,1.4374561309814453,1.4341108798980713,1.4310944080352783,1.4277986288070679,1.4248713254928589,1.4214600324630737,1.4186042547225952,1.4156421422958374,1.4126566648483276,1.4098732471466064,1.4068440198898315,1.4040526151657104,1.401190996170044,1.3983477354049683,1.3957254886627197,1.392856478691101,1.3903820514678955,1.3874790668487549,1.3849867582321167,1.3823866844177246,1.3798855543136597,1.377415657043457,1.3748952150344849,1.372108817100525,1.3700004816055298,1.3675483465194702,1.3648478984832764,1.3624606132507324,1.3602044582366943,1.3576093912124634,1.355411171913147,1.3531626462936401,1.3506911993026733,1.3482565879821777,1.34602952003479,1.3435068130493164,1.3416078090667725,1.3395071029663086,1.3371381759643555,1.3345364332199097,1.3328949213027954,1.3306318521499634,1.3281220197677612,1.3263123035430908,1.3238555192947388,1.3223036527633667,2.8458151817321777,2.003599166870117,1.9359371662139893,1.889464259147644,1.848947525024414,1.8134469985961914,1.7822837829589844,1.7558411359786987,1.7338802814483643,1.715441346168518,1.6997997760772705,1.686492919921875,1.6751686334609985,1.6651653051376343,1.6560910940170288,1.6476176977157593,1.6396435499191284,1.6320360898971558,1.6231011152267456,1.616888403892517,1.6103838682174683,1.6039186716079712,1.5979266166687012,1.5924010276794434,1.5867860317230225,1.5811342000961304,1.5756690502166748,1.570361852645874,1.5652750730514526,1.5599929094314575,1.554935336112976,1.5500868558883667,1.5456310510635376,1.5409576892852783,1.5364964008331299,1.532339096069336,1.5284489393234253,1.5245497226715088,1.5210590362548828,1.5177415609359741,1.5144320726394653,1.5113579034805298,1.5085502862930298,1.5057157278060913,1.503096342086792,1.5004252195358276,1.4981005191802979,1.4959211349487305,1.4938040971755981,1.4915966987609863,1.489664912223816,1.4875696897506714,1.4857453107833862,1.483823537826538,1.4816606044769287,1.4799922704696655,1.477976679801941,1.4764623641967773,1.47459876537323,1.473398208618164,1.4712767601013184,1.4702000617980957,1.4687504768371582,1.467272162437439,1.465959906578064,1.464465856552124,1.4632453918457031,1.4619592428207397,1.4605010747909546,1.4595060348510742,1.45791757106781,1.457417368888855,1.455722689628601,1.4552936553955078,1.4539788961410522,1.4527828693389893,1.4516937732696533,1.450648307800293,1.448893427848816,1.448438048362732,1.447217345237732,1.4455326795578003,1.4442731142044067,1.4432429075241089,1.441412091255188,1.440629005432129,1.4396743774414062,1.438498854637146,1.4372581243515015,1.4358172416687012,1.4345974922180176,1.4347620010375977,1.4339252710342407,1.4327386617660522,1.430902361869812,1.4307732582092285,1.4295977354049683,1.4277727603912354,1.427249550819397,1.4255002737045288,1.4257433414459229
"<Genome {'input_shape': (3, 32, 32), 'output_feature_depth': 10, 'genes': [<Gene {'node': <SumNode {'input_shapes': [(3, 32, 32), (3, 32, 32)]}>, 'input_indices': [-1, -1], 'input_shapes': [(3, 32, 32), (3, 32, 32)]}>, <Gene {'node': <DepSepConvNode {'input_shapes': [(3, 3, 3)], '_DepSepConvNode__input_shape': (3, 3, 3), '_DepSepConvNode__output_feature_depth': 128, 'kernel_size': 5}>, 'input_indices': [0], 'input_shapes': [(3, 3, 3)]}>, <Gene {'node': <ConvNode {'input_shapes': [(3, 32, 32)], '_ConvNode__input_shape': (3, 32, 32), '_ConvNode__output_feature_depth': 256, 'kernel_size': 1}>, 'input_indices': [-1], 'input_shapes': [(3, 32, 32)]}>, <Gene {'node': <SumNode {'input_shapes': [(128, 3, 3), (256, 32, 32)]}>, 'input_indices': [1, 2], 'input_shapes': [(128, 3, 3), (256, 32, 32)]}>, <Gene {'node': <AvgPoolNode {'input_shapes': [(3, 3, 3)]}>, 'input_indices': [0], 'input_shapes': [(3, 3, 3)]}>, <Gene {'node': <CatNode {'input_shapes': [(3, 3, 3), (3, 1, 1)]}>, 'input_indices': [0, 4], 'input_shapes': [(3, 3, 3), (3, 1, 1)]}>, <Gene {'node': <ConvNode {'input_shapes': [(3, 1, 1)], '_ConvNode__input_shape': (3, 1, 1), '_ConvNode__output_feature_depth': 256, 'kernel_size': 1}>, 'input_indices': [4], 'input_shapes': [(3, 1, 1)]}>, <Gene {'node': <SumNode {'input_shapes': [(3, 1, 1), (256, 256, 256)]}>, 'input_indices': [4, 3], 'input_shapes': [(3, 1, 1), (256, 256, 256)]}>, <Gene {'node': <AvgPoolNode {'input_shapes': [(256, 256, 256)]}>, 'input_indices': [3], 'input_shapes': [(256, 256, 256)]}>, <Gene {'node': <AvgPoolNode {'input_shapes': [(6, 3, 3)]}>, 'input_indices': [5], 'input_shapes': [(6, 3, 3)]}>]}>",8.851052284240723,2.009265422821045,1.9443808794021606,1.871285080909729,1.8133201599121094,1.7730610370635986,1.7435866594314575,1.7217756509780884,1.7050913572311401,1.692156195640564,1.6815563440322876,1.6726852655410767,1.6649812459945679,1.6581476926803589,1.6517863273620605,1.6458622217178345,1.6399815082550049,1.6342693567276,1.6289198398590088,1.6237486600875854,1.618826150894165,1.6140285730361938,1.6105087995529175,1.6054983139038086,1.6016414165496826,1.597079873085022,1.5933890342712402,1.5896083116531372,1.5854389667510986,1.5821192264556885,1.578397512435913,1.5746456384658813,1.5714170932769775,1.5680001974105835,1.564968228340149,1.5616258382797241,1.5584666728973389,1.5553700923919678,1.5524570941925049,1.5496721267700195,1.5469063520431519,1.5448273420333862,1.5420567989349365,1.5395927429199219,1.5371932983398438,1.534851312637329,1.5325597524642944,1.5303053855895996,1.528090476989746,1.5259084701538086,1.5239497423171997,1.5218299627304077,1.5199003219604492,1.5180100202560425,1.5160235166549683,1.5143247842788696,1.5125200748443604,1.5108994245529175,1.5091056823730469,1.5076453685760498,1.5058963298797607,1.5030018091201782,1.50230073928833,1.5009554624557495,1.4988707304000854,1.4962372779846191,1.4955837726593018,1.4946179389953613,1.4921575784683228,1.4905112981796265,1.4896240234375,1.487119197845459,1.4864686727523804,1.4860167503356934,1.4834723472595215,1.482738971710205,1.480609655380249,1.4803340435028076,1.4784802198410034,1.477139949798584,1.4765523672103882,1.4742660522460938,1.4738178253173828,1.4726742506027222,1.4714763164520264,1.4705734252929688,1.469187617301941,1.4685050249099731,1.4670944213867188,1.4671560525894165,1.4651157855987549,1.4653069972991943,1.4632062911987305,1.4633122682571411,1.4613035917282104,1.461453914642334,1.4596798419952393,1.4586495161056519,1.4578527212142944,1.4569849967956543,1.4561481475830078,8.732244491577148,1.9830864667892456,1.926385760307312,1.8606504201889038,1.8064758777618408,1.7690156698226929,1.7416619062423706,1.721666932106018,1.7065792083740234,1.6955314874649048,1.6865471601486206,1.6793262958526611,1.6731172800064087,1.6680811643600464,1.6634441614151,1.6588077545166016,1.6540155410766602,1.649194598197937,1.6446589231491089,1.6401420831680298,1.6360092163085938,1.631765365600586,1.6283613443374634,1.624213457107544,1.6204618215560913,1.6166616678237915,1.6132982969284058,1.6101480722427368,1.6072313785552979,1.6043424606323242,1.6021400690078735,1.5994696617126465,1.5967397689819336,1.5946459770202637,1.59256112575531,1.590604305267334,1.5891202688217163,1.5871672630310059,1.5854192972183228,1.5838816165924072,1.5823315382003784,1.581327199935913,1.579599380493164,1.578225016593933,1.5769344568252563,1.5757664442062378,1.5745552778244019,1.5733264684677124,1.5721149444580078,1.5710018873214722,1.5703318119049072,1.5693832635879517,1.568558692932129,1.5676755905151367,1.5666413307189941,1.5660488605499268,1.5652332305908203,1.5647214651107788,1.5639994144439697,1.5636738538742065,1.563327670097351,1.5614479780197144,1.5613906383514404,1.561346411705017,1.5603830814361572,1.5588549375534058,1.5588635206222534,1.5593870878219604,1.558221697807312,1.5575581789016724,1.5577324628829956,1.556225299835205,1.5557429790496826,1.5566051006317139,1.554991602897644,1.5552892684936523,1.553995966911316,1.5541484355926514,1.5534907579421997,1.5530126094818115,1.5533403158187866,1.5519990921020508,1.551652431488037,1.5519829988479614,1.5514954328536987,1.551602840423584,1.5509059429168701,1.5512646436691284,1.550482988357544,1.5513582229614258,1.5501033067703247,1.55112886428833,1.5498241186141968,1.5506166219711304,1.5495740175247192,1.550376534461975,1.549424409866333,1.5493487119674683,1.5492476224899292,1.5494037866592407,1.549236536026001
"<Genome {'input_shape': (3, 32, 32), 'output_feature_depth': 10, 'genes': [<Gene {'node': <DepSepConvNode {'input_shapes': [(3, 32, 32)], '_DepSepConvNode__input_shape': (3, 32, 32), '_DepSepConvNode__output_feature_depth': 64, 'kernel_size': 5}>, 'input_indices': [-1], 'input_shapes': [(3, 32, 32)]}>, <Gene {'node': <SumNode {'input_shapes': [(64, 32, 32), (3, 32, 32)]}>, 'input_indices': [0, -1], 'input_shapes': [(64, 32, 32), (3, 32, 32)]}>, <Gene {'node': <SumNode {'input_shapes': [(64, 64, 64), (64, 64, 64)]}>, 'input_indices': [1, 1], 'input_shapes': [(64, 64, 64), (64, 64, 64)]}>, <Gene {'node': <ConvNode {'input_shapes': [(64, 64, 64)], '_ConvNode__input_shape': (64, 64, 64), '_ConvNode__output_feature_depth': 64, 'kernel_size': 3}>, 'input_indices': [1], 'input_shapes': [(64, 64, 64)]}>, <Gene {'node': <DepSepConvNode {'input_shapes': [(64, 64, 64)], '_DepSepConvNode__input_shape': (64, 64, 64), '_DepSepConvNode__output_feature_depth': 256, 'kernel_size': 5}>, 'input_indices': [3], 'input_shapes': [(64, 64, 64)]}>, <Gene {'node': <CatNode {'input_shapes': [(64, 32, 32), (64, 32, 32)]}>, 'input_indices': [0, 0], 'input_shapes': [(64, 32, 32), (64, 32, 32)]}>, <Gene {'node': <ConvNode {'input_shapes': [(64, 64, 64)], '_ConvNode__input_shape': (64, 64, 64), '_ConvNode__output_feature_depth': 64, 'kernel_size': 3}>, 'input_indices': [2], 'input_shapes': [(64, 64, 64)]}>, <Gene {'node': <DepSepConvNode {'input_shapes': [(3, 32, 32)], '_DepSepConvNode__input_shape': (3, 32, 32), '_DepSepConvNode__output_feature_depth': 32, 'kernel_size': 5}>, 'input_indices': [-1], 'input_shapes': [(3, 32, 32)]}>, <Gene {'node': <DepSepConvNode {'input_shapes': [(64, 64, 64)], '_DepSepConvNode__input_shape': (64, 64, 64), '_DepSepConvNode__output_feature_depth': 128, 'kernel_size': 3}>, 'input_indices': [2], 'input_shapes': [(64, 64, 64)]}>, <Gene {'node': <ConvNode {'input_shapes': [(32, 32, 32)], '_ConvNode__input_shape': (32, 32, 32), '_ConvNode__output_feature_depth': 256, 'kernel_size': 3}>, 'input_indices': [7], 'input_shapes': [(32, 32, 32)]}>]}>",8.68554401397705,1.6935681104660034,1.5832542181015015,1.5021986961364746,1.4425164461135864,1.3978091478347778,1.3600507974624634,1.3284811973571777,1.3000619411468506,1.2730261087417603,1.2491377592086792,1.228397011756897,1.2079402208328247,1.1875531673431396,1.1694109439849854,1.1532769203186035,1.1359279155731201,1.1200575828552246,1.1053709983825684,1.0903079509735107,1.0750948190689087,1.0560566186904907,1.03779935836792,1.0208455324172974,1.001692295074463,0.9800751209259033,0.9604682326316833,0.9399792551994324,0.9188050627708435,0.8965331315994263,0.8734297156333923,0.8524342179298401,0.8319454193115234,0.8098061680793762,0.7900023460388184,0.7715646028518677,0.7517216205596924,0.7299437522888184,0.708759605884552,0.6824013590812683,0.6585088968276978,0.6346628665924072,0.6171058416366577,0.6004232168197632,0.5839494466781616,0.5635243654251099,0.5396755933761597,0.520431637763977,0.5023536086082458,0.482492595911026,0.46656668186187744,0.4499371647834778,0.4376145005226135,0.4262029826641083,0.4197835922241211,0.41915610432624817,0.4275995194911957,0.4369530975818634,0.42551106214523315,0.4077237844467163,0.40589046478271484,0.39193102717399597,0.3782634735107422,0.35731664299964905,0.3381725251674652,0.3295540511608124,0.3205731511116028,0.30261752009391785,0.2756522297859192,0.2555188238620758,0.24199578166007996,0.22586019337177277,0.2200305163860321,0.22527210414409637,0.2472635954618454,0.25596290826797485,0.24599775671958923,0.2638838589191437,0.27717486023902893,0.2500618100166321,0.23820509016513824,0.21587777137756348,0.22276951372623444,0.22676505148410797,0.2028535008430481,0.18337439000606537,0.15275654196739197,0.13090261816978455,0.1304440200328827,0.1273295134305954,0.3031124472618103,0.39576244354248047,0.21778200566768646,0.17514574527740479,0.2370695024728775,0.12869252264499664,0.14158384501934052,0.15090475976467133,0.10953059792518616,0.0970202162861824,0.08902892470359802,8.615301132202148,1.656701683998108,1.569024920463562,1.505352258682251,1.462195634841919,1.4325101375579834,1.408308982849121,1.3890137672424316,1.3722721338272095,1.357285737991333,1.3452417850494385,1.3357645273208618,1.3261804580688477,1.316262125968933,1.3093832731246948,1.305190920829773,1.3000701665878296,1.2976325750350952,1.2966398000717163,1.296493411064148,1.2959421873092651,1.2931355237960815,1.2920252084732056,1.292272925376892,1.2905064821243286,1.287537932395935,1.2869236469268799,1.287290096282959,1.2882194519042969,1.2884308099746704,1.2888596057891846,1.2908481359481812,1.2935969829559326,1.295245885848999,1.299865961074829,1.3048925399780273,1.3082917928695679,1.31024169921875,1.313476324081421,1.3124326467514038,1.3126057386398315,1.3141478300094604,1.3185707330703735,1.3272593021392822,1.332890510559082,1.336329698562622,1.3366066217422485,1.3418457508087158,1.3508752584457397,1.3566465377807617,1.3663122653961182,1.3708555698394775,1.3762574195861816,1.3790408372879028,1.3863943815231323,1.399837851524353,1.4294918775558472,1.4616882801055908,1.4663382768630981,1.463429570198059,1.475978970527649,1.4909924268722534,1.509429931640625,1.5061614513397217,1.4867810010910034,1.5218758583068848,1.5377732515335083,1.5371267795562744,1.5320379734039307,1.52505624294281,1.52398681640625,1.5157227516174316,1.563247561454773,1.6117839813232422,1.6770843267440796,1.7318495512008667,1.7348450422286987,1.7777214050292969,1.7954142093658447,1.7515019178390503,1.7742681503295898,1.7584329843521118,1.761229395866394,1.7634661197662354,1.8040975332260132,1.8214514255523682,1.7987302541732788,1.7420570850372314,1.818454623222351,1.8076518774032593,1.8984959125518799,2.2616047859191895,1.8954321146011353,1.8739454746246338,1.9871515035629272,1.8682565689086914,1.8726757764816284,1.9171278476715088,1.8771547079086304,1.8712875843048096,1.842342734336853
"<Genome {'input_shape': (3, 32, 32), 'output_feature_depth': 10, 'genes': [<Gene {'node': <AvgPoolNode {'input_shapes': [(3, 32, 32)]}>, 'input_indices': [-1], 'input_shapes': [(3, 32, 32)]}>, <Gene {'node': <AvgPoolNode {'input_shapes': [(3, 16, 16)]}>, 'input_indices': [0], 'input_shapes': [(3, 16, 16)]}>, <Gene {'node': <CatNode {'input_shapes': [(3, 32, 32), (3, 8, 8)]}>, 'input_indices': [-1, 1], 'input_shapes': [(3, 32, 32), (3, 8, 8)]}>, <Gene {'node': <SumNode {'input_shapes': [(3, 8, 8), (6, 3, 3)]}>, 'input_indices': [1, 2], 'input_shapes': [(3, 8, 8), (6, 3, 3)]}>, <Gene {'node': <SumNode {'input_shapes': [(3, 16, 16), (3, 8, 8)]}>, 'input_indices': [0, 1], 'input_shapes': [(3, 16, 16), (3, 8, 8)]}>, <Gene {'node': <DepSepConvNode {'input_shapes': [(6, 3, 3)], '_DepSepConvNode__input_shape': (6, 3, 3), '_DepSepConvNode__output_feature_depth': 32, 'kernel_size': 3}>, 'input_indices': [2], 'input_shapes': [(6, 3, 3)]}>, <Gene {'node': <CatNode {'input_shapes': [(3, 8, 8), (3, 3, 3)]}>, 'input_indices': [1, 4], 'input_shapes': [(3, 8, 8), (3, 3, 3)]}>, <Gene {'node': <MaxPoolNode {'input_shapes': [(6, 6, 6)]}>, 'input_indices': [3], 'input_shapes': [(6, 6, 6)]}>, <Gene {'node': <DepSepConvNode {'input_shapes': [(3, 3, 3)], '_DepSepConvNode__input_shape': (3, 3, 3), '_DepSepConvNode__output_feature_depth': 128, 'kernel_size': 3}>, 'input_indices': [4], 'input_shapes': [(3, 3, 3)]}>, <Gene {'node': <SumNode {'input_shapes': [(3, 16, 16), (32, 3, 3)]}>, 'input_indices': [0, 5], 'input_shapes': [(3, 16, 16), (32, 3, 3)]}>]}>",2.4531021118164062,2.1263527870178223,2.0552008152008057,2.01637601852417,1.9860795736312866,1.9590409994125366,1.9339673519134521,1.9105604887008667,1.889358401298523,1.870339274406433,1.8527787923812866,1.8364691734313965,1.8210774660110474,1.8067291975021362,1.7934819459915161,1.7811006307601929,1.7697466611862183,1.7596458196640015,1.7507928609848022,1.7426129579544067,1.7350713014602661,1.7280890941619873,1.7217638492584229,1.7158114910125732,1.7100447416305542,1.7046629190444946,1.6993924379348755,1.6945148706436157,1.6897245645523071,1.6852620840072632,1.6807941198349,1.6764284372329712,1.6722025871276855,1.6682827472686768,1.6644175052642822,1.6607093811035156,1.6572132110595703,1.6537574529647827,1.6504909992218018,1.647088885307312,1.6439399719238281,1.6408216953277588,1.6378487348556519,1.6348023414611816,1.6318529844284058,1.6289142370224,1.625877022743225,1.6231293678283691,1.6203922033309937,1.6176995038986206,1.6150838136672974,1.6124728918075562,1.610102891921997,1.6077502965927124,1.6054394245147705,1.6031485795974731,1.6008509397506714,1.5985841751098633,1.596341609954834,1.5942754745483398,1.5919944047927856,1.5900243520736694,1.5880050659179688,1.5860722064971924,1.5841878652572632,1.5823110342025757,1.580466389656067,1.5785630941390991,1.5768511295318604,1.5750890970230103,1.5733336210250854,1.5715008974075317,1.5698715448379517,1.5681517124176025,1.5666530132293701,1.5651174783706665,1.5636723041534424,1.5619770288467407,1.560547947883606,1.5590912103652954,1.557474136352539,1.5561349391937256,1.5546778440475464,1.5532581806182861,1.551932692527771,1.5507631301879883,1.5494446754455566,1.5482937097549438,1.5471147298812866,1.545835256576538,1.5446438789367676,1.5433813333511353,1.5421165227890015,1.5410346984863281,1.5399028062820435,1.538740873336792,1.5375866889953613,1.5365643501281738,1.5354686975479126,1.5343809127807617,1.5333794355392456,2.444232225418091,2.10707950592041,2.0372812747955322,1.9972425699234009,1.9635387659072876,1.932926058769226,1.905436396598816,1.8804768323898315,1.8575222492218018,1.8374782800674438,1.8188527822494507,1.801469087600708,1.7850239276885986,1.7697950601577759,1.7556968927383423,1.7424503564834595,1.7303390502929688,1.7196428775787354,1.7104460000991821,1.7020272016525269,1.6943029165267944,1.6873518228530884,1.6811351776123047,1.6753075122833252,1.669885277748108,1.664911150932312,1.6602064371109009,1.6560277938842773,1.6520109176635742,1.6483356952667236,1.644647240638733,1.6410105228424072,1.6374861001968384,1.6342467069625854,1.6311472654342651,1.628161072731018,1.6254318952560425,1.6226990222930908,1.6201578378677368,1.617502212524414,1.615149736404419,1.612841248512268,1.6106313467025757,1.6083496809005737,1.6061336994171143,1.603973627090454,1.6017649173736572,1.5998523235321045,1.5979728698730469,1.5960372686386108,1.5941781997680664,1.592387080192566,1.5908840894699097,1.5894052982330322,1.5879006385803223,1.5865193605422974,1.5850244760513306,1.5836161375045776,1.582110047340393,1.580822229385376,1.579319953918457,1.578155755996704,1.5769702196121216,1.575831413269043,1.574836015701294,1.5737255811691284,1.5728079080581665,1.5717781782150269,1.57096529006958,1.5699681043624878,1.5688502788543701,1.5677136182785034,1.566765546798706,1.565773844718933,1.5649998188018799,1.5641816854476929,1.5635467767715454,1.5626198053359985,1.561981439590454,1.5614486932754517,1.5605671405792236,1.559940218925476,1.5591486692428589,1.5583633184432983,1.5576425790786743,1.557172179222107,1.5564202070236206,1.555915355682373,1.5553373098373413,1.554599642753601,1.5538866519927979,1.5531851053237915,1.552474856376648,1.5519288778305054,1.5513485670089722,1.5506820678710938,1.5500004291534424,1.5496865510940552,1.5491300821304321,1.5485234260559082,1.5481489896774292
"<Genome {'input_shape': (3, 32, 32), 'output_feature_depth': 10, 'genes': [<Gene {'node': <SumNode {'input_shapes': [(3, 32, 32), (3, 32, 32)]}>, 'input_indices': [-1, -1], 'input_shapes': [(3, 32, 32), (3, 32, 32)]}>, <Gene {'node': <MaxPoolNode {'input_shapes': [(3, 32, 32)]}>, 'input_indices': [-1], 'input_shapes': [(3, 32, 32)]}>, <Gene {'node': <CatNode {'input_shapes': [(3, 16, 16), (3, 32, 32)]}>, 'input_indices': [1, -1], 'input_shapes': [(3, 16, 16), (3, 32, 32)]}>, <Gene {'node': <DepSepConvNode {'input_shapes': [(6, 3, 3)], '_DepSepConvNode__input_shape': (6, 3, 3), '_DepSepConvNode__output_feature_depth': 128, 'kernel_size': 3}>, 'input_indices': [2], 'input_shapes': [(6, 3, 3)]}>, <Gene {'node': <CatNode {'input_shapes': [(6, 3, 3), (3, 32, 32)]}>, 'input_indices': [2, -1], 'input_shapes': [(6, 3, 3), (3, 32, 32)]}>, <Gene {'node': <MaxPoolNode {'input_shapes': [(6, 3, 3)]}>, 'input_indices': [2], 'input_shapes': [(6, 3, 3)]}>, <Gene {'node': <CatNode {'input_shapes': [(3, 3, 3), (9, 6, 6)]}>, 'input_indices': [0, 4], 'input_shapes': [(3, 3, 3), (9, 6, 6)]}>, <Gene {'node': <CatNode {'input_shapes': [(6, 1, 1), (3, 16, 16)]}>, 'input_indices': [5, 1], 'input_shapes': [(6, 1, 1), (3, 16, 16)]}>, <Gene {'node': <ConvNode {'input_shapes': [(3, 3, 3)], '_ConvNode__input_shape': (3, 3, 3), '_ConvNode__output_feature_depth': 64, 'kernel_size': 3}>, 'input_indices': [0], 'input_shapes': [(3, 3, 3)]}>, <Gene {'node': <SumNode {'input_shapes': [(6, 3, 3), (3, 16, 16)]}>, 'input_indices': [2, 1], 'input_shapes': [(6, 3, 3), (3, 16, 16)]}>]}>",3.233804702758789,1.9996211528778076,1.9502389430999756,1.9139187335968018,1.8806829452514648,1.8517435789108276,1.8260669708251953,1.8024656772613525,1.7800625562667847,1.759225845336914,1.7399431467056274,1.7220627069473267,1.705036997795105,1.6894824504852295,1.6752992868423462,1.6614394187927246,1.6479454040527344,1.6343729496002197,1.6222765445709229,1.6118886470794678,1.6016286611557007,1.5920392274856567,1.5832090377807617,1.5742892026901245,1.5662455558776855,1.5579243898391724,1.5500969886779785,1.5423965454101562,1.5345956087112427,1.5277258157730103,1.520437479019165,1.5144867897033691,1.507771372795105,1.501875400543213,1.4953287839889526,1.4896345138549805,1.4837818145751953,1.4782357215881348,1.4726442098617554,1.4673521518707275,1.4619656801223755,1.4564692974090576,1.451304316520691,1.4466701745986938,1.4423264265060425,1.4379063844680786,1.4333723783493042,1.4293910264968872,1.4248956441879272,1.421189546585083,1.4174023866653442,1.4134594202041626,1.4099135398864746,1.4067258834838867,1.4035446643829346,1.400189995765686,1.397167444229126,1.394057273864746,1.3911694288253784,1.3882484436035156,1.3856589794158936,1.382993221282959,1.3803805112838745,1.3777401447296143,1.3754298686981201,1.3729033470153809,1.3706344366073608,1.3682875633239746,1.3661322593688965,1.363847255706787,1.3617453575134277,1.3595820665359497,1.3575490713119507,1.3555314540863037,1.3537274599075317,1.35170316696167,1.3496609926223755,1.348247766494751,1.3459382057189941,1.3445507287979126,1.3429148197174072,1.3409969806671143,1.3392155170440674,1.3373156785964966,1.3357608318328857,1.3341504335403442,1.3325014114379883,1.3310952186584473,1.3295317888259888,1.3278656005859375,1.3265304565429688,1.325136661529541,1.3235971927642822,1.3223236799240112,1.3208448886871338,1.319913625717163,1.3183612823486328,1.3171344995498657,1.3158063888549805,1.3145661354064941,1.3131152391433716,3.184530735015869,1.9862686395645142,1.9355014562606812,1.8979761600494385,1.8632599115371704,1.834162950515747,1.809093713760376,1.7857812643051147,1.763253092765808,1.7423368692398071,1.7235525846481323,1.7072685956954956,1.6913464069366455,1.6774095296859741,1.664952278137207,1.652927279472351,1.6408989429473877,1.6288206577301025,1.6185163259506226,1.610076904296875,1.6018508672714233,1.5941860675811768,1.5870500802993774,1.5801334381103516,1.5735195875167847,1.5669106245040894,1.560741662979126,1.5541046857833862,1.5480217933654785,1.5422821044921875,1.5369995832443237,1.5320043563842773,1.5269811153411865,1.5222519636154175,1.5174859762191772,1.5128828287124634,1.5083510875701904,1.5039137601852417,1.4997215270996094,1.4959418773651123,1.491719126701355,1.4881231784820557,1.4847267866134644,1.4810956716537476,1.4779508113861084,1.4748564958572388,1.471577525138855,1.469032645225525,1.4657055139541626,1.4631125926971436,1.4604405164718628,1.4577674865722656,1.4554179906845093,1.4534618854522705,1.4508397579193115,1.4484437704086304,1.446449637413025,1.444278359413147,1.4425415992736816,1.440643072128296,1.439137578010559,1.4375802278518677,1.4358237981796265,1.4343451261520386,1.4330129623413086,1.4320096969604492,1.4307606220245361,1.4295560121536255,1.428373098373413,1.4272736310958862,1.426222562789917,1.4253841638565063,1.4242310523986816,1.423473596572876,1.422555923461914,1.4217655658721924,1.4206703901290894,1.4201838970184326,1.418853521347046,1.4186122417449951,1.4182080030441284,1.417196273803711,1.4165829420089722,1.415573239326477,1.4147709608078003,1.4141838550567627,1.4135997295379639,1.4132903814315796,1.412667989730835,1.4120903015136719,1.4118191003799438,1.4117484092712402,1.4111558198928833,1.410988688468933,1.4103869199752808,1.4105802774429321,1.4098514318466187,1.4098724126815796,1.4094040393829346,1.4093272686004639,1.408799171447754
"<Genome {'input_shape': (3, 32, 32), 'output_feature_depth': 10, 'genes': [<Gene {'node': <MaxPoolNode {'input_shapes': [(3, 32, 32)]}>, 'input_indices': [-1], 'input_shapes': [(3, 32, 32)]}>, <Gene {'node': <SumNode {'input_shapes': [(3, 16, 16), (3, 32, 32)]}>, 'input_indices': [0, -1], 'input_shapes': [(3, 16, 16), (3, 32, 32)]}>, <Gene {'node': <DepSepConvNode {'input_shapes': [(3, 32, 32)], '_DepSepConvNode__input_shape': (3, 32, 32), '_DepSepConvNode__output_feature_depth': 256, 'kernel_size': 5}>, 'input_indices': [-1], 'input_shapes': [(3, 32, 32)]}>, <Gene {'node': <SumNode {'input_shapes': [(3, 32, 32), (3, 16, 16)]}>, 'input_indices': [-1, 0], 'input_shapes': [(3, 32, 32), (3, 16, 16)]}>, <Gene {'node': <ConvNode {'input_shapes': [(3, 3, 3)], '_ConvNode__input_shape': (3, 3, 3), '_ConvNode__output_feature_depth': 128, 'kernel_size': 3}>, 'input_indices': [3], 'input_shapes': [(3, 3, 3)]}>, <Gene {'node': <MaxPoolNode {'input_shapes': [(3, 3, 3)]}>, 'input_indices': [1], 'input_shapes': [(3, 3, 3)]}>, <Gene {'node': <AvgPoolNode {'input_shapes': [(3, 32, 32)]}>, 'input_indices': [-1], 'input_shapes': [(3, 32, 32)]}>, <Gene {'node': <DepSepConvNode {'input_shapes': [(3, 16, 16)], '_DepSepConvNode__input_shape': (3, 16, 16), '_DepSepConvNode__output_feature_depth': 32, 'kernel_size': 5}>, 'input_indices': [0], 'input_shapes': [(3, 16, 16)]}>, <Gene {'node': <CatNode {'input_shapes': [(3, 16, 16), (128, 3, 3)]}>, 'input_indices': [0, 4], 'input_shapes': [(3, 16, 16), (128, 3, 3)]}>, <Gene {'node': <MaxPoolNode {'input_shapes': [(128, 3, 3)]}>, 'input_indices': [4], 'input_shapes': [(128, 3, 3)]}>]}>",2.876549005508423,1.9389744997024536,1.8637734651565552,1.8129246234893799,1.7717041969299316,1.738358974456787,1.7120305299758911,1.690542459487915,1.6727795600891113,1.6578147411346436,1.6452357769012451,1.634181261062622,1.6238329410552979,1.6138839721679688,1.6037969589233398,1.5944585800170898,1.5852540731430054,1.5769977569580078,1.569067120552063,1.5616534948349,1.5544512271881104,1.547756314277649,1.5414282083511353,1.535140037536621,1.5291868448257446,1.5234788656234741,1.5179282426834106,1.5126370191574097,1.5074446201324463,1.5023746490478516,1.4974592924118042,1.4926981925964355,1.487990379333496,1.483412265777588,1.4788793325424194,1.4744088649749756,1.4703673124313354,1.4664149284362793,1.4624981880187988,1.458613634109497,1.4548170566558838,1.451027512550354,1.4473134279251099,1.443785309791565,1.4401798248291016,1.436690092086792,1.4332751035690308,1.429801344871521,1.4265110492706299,1.423351526260376,1.4202903509140015,1.4171525239944458,1.4140986204147339,1.4109447002410889,1.4081073999404907,1.4050054550170898,1.4022871255874634,1.3991516828536987,1.3964802026748657,1.3936272859573364,1.3907190561294556,1.3881466388702393,1.385362982749939,1.3829340934753418,1.3802050352096558,1.377862572669983,1.3752782344818115,1.3730971813201904,1.3706073760986328,1.3684674501419067,1.36594820022583,1.363809585571289,1.3615697622299194,1.3595328330993652,1.3572108745574951,1.3551909923553467,1.3529996871948242,1.3510911464691162,1.3488845825195312,1.3470081090927124,1.3448143005371094,1.3428922891616821,1.3408151865005493,1.3390041589736938,1.3368885517120361,1.3351683616638184,1.333274245262146,1.3315696716308594,1.3295284509658813,1.3279924392700195,1.3259884119033813,1.3243211507797241,1.3221957683563232,1.320722222328186,1.318953514099121,1.317398190498352,1.315662145614624,1.314145565032959,1.3125293254852295,1.310821771621704,1.309274435043335,2.8656435012817383,1.9086536169052124,1.8295700550079346,1.777944564819336,1.7370671033859253,1.705495834350586,1.6819883584976196,1.6642658710479736,1.6499195098876953,1.6384286880493164,1.6294002532958984,1.6217215061187744,1.614992380142212,1.6082862615585327,1.6013672351837158,1.594651460647583,1.5882290601730347,1.5823204517364502,1.5765832662582397,1.5713361501693726,1.5660603046417236,1.561508059501648,1.5572724342346191,1.5529348850250244,1.5489180088043213,1.5452280044555664,1.5415791273117065,1.5384477376937866,1.5354690551757812,1.5326274633407593,1.5298899412155151,1.527234435081482,1.5246011018753052,1.5222898721694946,1.520013451576233,1.5180412530899048,1.5165774822235107,1.5149778127670288,1.513270378112793,1.5114206075668335,1.5099263191223145,1.508320689201355,1.5067150592803955,1.505258321762085,1.5036979913711548,1.502190113067627,1.5008381605148315,1.4992804527282715,1.4979248046875,1.496707797050476,1.4955195188522339,1.4942024946212769,1.492918610572815,1.4915716648101807,1.4905025959014893,1.4891194105148315,1.4879463911056519,1.4868755340576172,1.485772967338562,1.484737753868103,1.4835914373397827,1.4824784994125366,1.4814881086349487,1.4804939031600952,1.4794315099716187,1.4785401821136475,1.4777216911315918,1.4769713878631592,1.4760297536849976,1.4753245115280151,1.474605679512024,1.473806381225586,1.4731450080871582,1.472619891166687,1.471860408782959,1.4712533950805664,1.4708486795425415,1.4702513217926025,1.4699302911758423,1.4694777727127075,1.4691052436828613,1.4687364101409912,1.468338966369629,1.4679272174835205,1.4676824808120728,1.467258334159851,1.466854453086853,1.466361165046692,1.4659346342086792,1.4660494327545166,1.465504765510559,1.4652504920959473,1.4642964601516724,1.4640158414840698,1.4635390043258667,1.4631880521774292,1.4627935886383057,1.46247136592865,1.4620672464370728,1.4616032838821411,1.461133599281311
"<Genome {'input_shape': (3, 32, 32), 'output_feature_depth': 10, 'genes': [<Gene {'node': <SumNode {'input_shapes': [(3, 32, 32), (3, 32, 32)]}>, 'input_indices': [-1, -1], 'input_shapes': [(3, 32, 32), (3, 32, 32)]}>, <Gene {'node': <AvgPoolNode {'input_shapes': [(3, 32, 32)]}>, 'input_indices': [-1], 'input_shapes': [(3, 32, 32)]}>, <Gene {'node': <ConvNode {'input_shapes': [(3, 3, 3)], '_ConvNode__input_shape': (3, 3, 3), '_ConvNode__output_feature_depth': 128, 'kernel_size': 3}>, 'input_indices': [0], 'input_shapes': [(3, 3, 3)]}>, <Gene {'node': <ConvNode {'input_shapes': [(128, 3, 3)], '_ConvNode__input_shape': (128, 3, 3), '_ConvNode__output_feature_depth': 128, 'kernel_size': 1}>, 'input_indices': [2], 'input_shapes': [(128, 3, 3)]}>, <Gene {'node': <ConvNode {'input_shapes': [(3, 32, 32)], '_ConvNode__input_shape': (3, 32, 32), '_ConvNode__output_feature_depth': 128, 'kernel_size': 3}>, 'input_indices': [-1], 'input_shapes': [(3, 32, 32)]}>, <Gene {'node': <SumNode {'input_shapes': [(3, 32, 32), (3, 3, 3)]}>, 'input_indices': [-1, 0], 'input_shapes': [(3, 32, 32), (3, 3, 3)]}>, <Gene {'node': <AvgPoolNode {'input_shapes': [(3, 32, 32)]}>, 'input_indices': [-1], 'input_shapes': [(3, 32, 32)]}>, <Gene {'node': <CatNode {'input_shapes': [(3, 3, 3), (3, 16, 16)]}>, 'input_indices': [0, 6], 'input_shapes': [(3, 3, 3), (3, 16, 16)]}>, <Gene {'node': <SumNode {'input_shapes': [(128, 3, 3), (128, 3, 3)]}>, 'input_indices': [2, 3], 'input_shapes': [(128, 3, 3), (128, 3, 3)]}>, <Gene {'node': <SumNode {'input_shapes': [(3, 16, 16), (128, 128, 128)]}>, 'input_indices': [6, 8], 'input_shapes': [(3, 16, 16), (128, 128, 128)]}>]}>",6.938000679016113,1.8973757028579712,1.7991210222244263,1.7385081052780151,1.6977750062942505,1.6639139652252197,1.6351573467254639,1.6093640327453613,1.5847375392913818,1.5610592365264893,1.5391857624053955,1.519395351409912,1.5005488395690918,1.4827172756195068,1.4667657613754272,1.4519187211990356,1.4371006488800049,1.424277901649475,1.4131989479064941,1.3995752334594727,1.3886970281600952,1.3783061504364014,1.3697744607925415,1.3606927394866943,1.351103663444519,1.3433107137680054,1.3348748683929443,1.32529878616333,1.3169784545898438,1.3086330890655518,1.2999869585037231,1.2921876907348633,1.2850677967071533,1.2776591777801514,1.2705456018447876,1.264494776725769,1.2570058107376099,1.2510427236557007,1.2446222305297852,1.2378774881362915,1.2323548793792725,1.2266701459884644,1.2209118604660034,1.2152191400527954,1.2107490301132202,1.2048641443252563,1.1997541189193726,1.1944551467895508,1.1897084712982178,1.184269905090332,1.1796592473983765,1.1753312349319458,1.1705330610275269,1.167841911315918,1.162157416343689,1.1605225801467896,1.157881736755371,1.1542868614196777,1.150942325592041,1.1494473218917847,1.1469405889511108,1.1446386575698853,1.139546513557434,1.1348522901535034,1.13323974609375,1.1294809579849243,1.127042531967163,1.1226259469985962,1.1187713146209717,1.115020990371704,1.1111725568771362,1.1066144704818726,1.1050294637680054,1.1019370555877686,1.1010407209396362,1.0984147787094116,1.0944023132324219,1.0912774801254272,1.0864582061767578,1.0850253105163574,1.0818147659301758,1.07843017578125,1.0753995180130005,1.072216510772705,1.0697304010391235,1.0662721395492554,1.061553716659546,1.0562893152236938,1.0508089065551758,1.0459071397781372,1.0399518013000488,1.0368674993515015,1.0319443941116333,1.0266414880752563,1.0204548835754395,1.0166398286819458,1.012488603591919,1.008878231048584,1.003867268562317,1.0011041164398193,0.9956256747245789,6.87445592880249,1.8829996585845947,1.7809228897094727,1.7238422632217407,1.6884456872940063,1.6594631671905518,1.635359764099121,1.6136295795440674,1.591971516609192,1.5720714330673218,1.5533138513565063,1.5370327234268188,1.522278070449829,1.5073264837265015,1.4949891567230225,1.4843634366989136,1.4747463464736938,1.4668314456939697,1.4594937562942505,1.4511997699737549,1.4445555210113525,1.438607931137085,1.4344260692596436,1.429514765739441,1.4245784282684326,1.421176791191101,1.417348861694336,1.4117493629455566,1.4076370000839233,1.4030168056488037,1.39789879322052,1.392985463142395,1.390221357345581,1.384556531906128,1.3815181255340576,1.3775346279144287,1.373102068901062,1.3713067770004272,1.367637038230896,1.3653225898742676,1.3644179105758667,1.362720012664795,1.360368013381958,1.3583499193191528,1.3576425313949585,1.3557995557785034,1.3536702394485474,1.352333664894104,1.35079824924469,1.3495805263519287,1.3477543592453003,1.3473279476165771,1.3461774587631226,1.34710693359375,1.3442672491073608,1.3472375869750977,1.3465745449066162,1.3469734191894531,1.3459450006484985,1.3472639322280884,1.347328782081604,1.3488550186157227,1.347305178642273,1.3465532064437866,1.3474658727645874,1.3457854986190796,1.3449673652648926,1.3442829847335815,1.3443135023117065,1.3450977802276611,1.3449358940124512,1.3436311483383179,1.3446249961853027,1.344632863998413,1.346347689628601,1.3472779989242554,1.3474318981170654,1.347521424293518,1.3459595441818237,1.3478314876556396,1.3476780652999878,1.3468389511108398,1.3476437330245972,1.3481988906860352,1.3478928804397583,1.3478279113769531,1.3456814289093018,1.3457359075546265,1.343858242034912,1.3430397510528564,1.3414506912231445,1.3408315181732178,1.340518832206726,1.3396495580673218,1.3379571437835693,1.338067889213562,1.3386894464492798,1.3394843339920044,1.339786410331726,1.3417060375213623,1.3413435220718384
"<Genome {'input_shape': (3, 32, 32), 'output_feature_depth': 10, 'genes': [<Gene {'node': <MaxPoolNode {'input_shapes': [(3, 32, 32)]}>, 'input_indices': [-1], 'input_shapes': [(3, 32, 32)]}>, <Gene {'node': <DepSepConvNode {'input_shapes': [(3, 32, 32)], '_DepSepConvNode__input_shape': (3, 32, 32), '_DepSepConvNode__output_feature_depth': 32, 'kernel_size': 3}>, 'input_indices': [-1], 'input_shapes': [(3, 32, 32)]}>, <Gene {'node': <ConvNode {'input_shapes': [(3, 32, 32)], '_ConvNode__input_shape': (3, 32, 32), '_ConvNode__output_feature_depth': 256, 'kernel_size': 3}>, 'input_indices': [-1], 'input_shapes': [(3, 32, 32)]}>, <Gene {'node': <ConvNode {'input_shapes': [(3, 16, 16)], '_ConvNode__input_shape': (3, 16, 16), '_ConvNode__output_feature_depth': 256, 'kernel_size': 3}>, 'input_indices': [0], 'input_shapes': [(3, 16, 16)]}>, <Gene {'node': <ConvNode {'input_shapes': [(32, 32, 32)], '_ConvNode__input_shape': (32, 32, 32), '_ConvNode__output_feature_depth': 256, 'kernel_size': 1}>, 'input_indices': [1], 'input_shapes': [(32, 32, 32)]}>, <Gene {'node': <AvgPoolNode {'input_shapes': [(256, 32, 32)]}>, 'input_indices': [2], 'input_shapes': [(256, 32, 32)]}>, <Gene {'node': <AvgPoolNode {'input_shapes': [(256, 32, 32)]}>, 'input_indices': [4], 'input_shapes': [(256, 32, 32)]}>, <Gene {'node': <CatNode {'input_shapes': [(256, 32, 32), (3, 32, 32)]}>, 'input_indices': [4, -1], 'input_shapes': [(256, 32, 32), (3, 32, 32)]}>, <Gene {'node': <ConvNode {'input_shapes': [(256, 32, 32)], '_ConvNode__input_shape': (256, 32, 32), '_ConvNode__output_feature_depth': 128, 'kernel_size': 3}>, 'input_indices': [4], 'input_shapes': [(256, 32, 32)]}>, <Gene {'node': <CatNode {'input_shapes': [(259, 256, 256), (256, 16, 16)]}>, 'input_indices': [7, 5], 'input_shapes': [(259, 256, 256), (256, 16, 16)]}>]}>",3.1305923461914062,1.8939026594161987,1.8020282983779907,1.7426564693450928,1.6951237916946411,1.6609270572662354,1.6263936758041382,1.5961121320724487,1.5684480667114258,1.5429739952087402,1.5186727046966553,1.4960418939590454,1.4749557971954346,1.454951286315918,1.435817003250122,1.4171074628829956,1.398094892501831,1.3800086975097656,1.3615634441375732,1.3439788818359375,1.3244258165359497,1.3075997829437256,1.289625883102417,1.2726444005966187,1.2540570497512817,1.2371467351913452,1.21964693069458,1.2025314569473267,1.1853156089782715,1.1695209741592407,1.152349829673767,1.1356549263000488,1.1195942163467407,1.1037375926971436,1.0881707668304443,1.071544885635376,1.0544400215148926,1.0381336212158203,1.021121859550476,1.0053808689117432,0.9887346029281616,0.9726417064666748,0.9571328163146973,0.9405930042266846,0.9279550313949585,0.9134599566459656,0.8962231278419495,0.8857150077819824,0.8700588941574097,0.8575788736343384,0.8491420745849609,0.8328697681427002,0.8209667801856995,0.806264340877533,0.7972400188446045,0.7965033054351807,0.7694587111473083,0.7548730969429016,0.7449916005134583,0.7379004955291748,0.7274287939071655,0.7297704815864563,0.7248713374137878,0.7212515473365784,0.7239758968353271,0.7306662201881409,0.7426992654800415,0.7563044428825378,0.7763442397117615,0.7219626903533936,0.6388568878173828,0.6058553457260132,0.5783849358558655,0.5751705169677734,0.5531536936759949,0.5278425812721252,0.513647198677063,0.5065044164657593,0.5081632733345032,0.4894235134124756,0.4963527321815491,0.48663535714149475,0.4761715829372406,0.46047911047935486,0.43708059191703796,0.404493510723114,0.3842841684818268,0.38984766602516174,0.38711485266685486,0.35795891284942627,0.3659975826740265,0.3500007390975952,0.3502405881881714,0.36765921115875244,0.3438358008861542,0.33565467596054077,0.33087295293807983,0.3276452124118805,0.31740081310272217,0.2993907034397125,0.3014865219593048,3.1180801391601562,1.8869314193725586,1.8090769052505493,1.7616443634033203,1.728275179862976,1.7038993835449219,1.6772184371948242,1.6531225442886353,1.6319750547409058,1.6128482818603516,1.5955768823623657,1.5805583000183105,1.5662815570831299,1.5537976026535034,1.5431170463562012,1.53337824344635,1.523729920387268,1.5149701833724976,1.5054987668991089,1.495750069618225,1.4855314493179321,1.4765026569366455,1.4682185649871826,1.4612078666687012,1.4504200220108032,1.4440232515335083,1.4378151893615723,1.4330081939697266,1.4271595478057861,1.4233907461166382,1.4174220561981201,1.4122246503829956,1.4067569971084595,1.4015803337097168,1.3963580131530762,1.3927528858184814,1.3893086910247803,1.386786699295044,1.3846229314804077,1.3852185010910034,1.3834867477416992,1.3837084770202637,1.3850688934326172,1.3882626295089722,1.386857032775879,1.391295075416565,1.391966700553894,1.4004842042922974,1.3983049392700195,1.404466986656189,1.4138411283493042,1.4155036211013794,1.4227789640426636,1.426282525062561,1.4367181062698364,1.4549403190612793,1.4474748373031616,1.451239824295044,1.4585689306259155,1.4717072248458862,1.4873319864273071,1.5082215070724487,1.5168365240097046,1.5292048454284668,1.5473363399505615,1.5708357095718384,1.591028094291687,1.6162430047988892,1.6615475416183472,1.64340078830719,1.5996532440185547,1.607448935508728,1.617945909500122,1.6376157999038696,1.634852409362793,1.6319283246994019,1.6167577505111694,1.6322059631347656,1.6408367156982422,1.6475896835327148,1.6890896558761597,1.69406259059906,1.7036097049713135,1.703232765197754,1.717220664024353,1.7096971273422241,1.7300341129302979,1.7968143224716187,1.8269516229629517,1.7963333129882812,1.8446496725082397,1.8382360935211182,1.8287689685821533,1.8264652490615845,1.8378963470458984,1.848697304725647,1.8553695678710938,1.8681538105010986,1.881503701210022,1.8977352380752563,1.9220027923583984
"<Genome {'input_shape': (3, 32, 32), 'output_feature_depth': 10, 'genes': [<Gene {'node': <MaxPoolNode {'input_shapes': [(3, 32, 32)]}>, 'input_indices': [-1], 'input_shapes': [(3, 32, 32)]}>, <Gene {'node': <ConvNode {'input_shapes': [(3, 16, 16)], '_ConvNode__input_shape': (3, 16, 16), '_ConvNode__output_feature_depth': 128, 'kernel_size': 3}>, 'input_indices': [0], 'input_shapes': [(3, 16, 16)]}>, <Gene {'node': <AvgPoolNode {'input_shapes': [(3, 32, 32)]}>, 'input_indices': [-1], 'input_shapes': [(3, 32, 32)]}>, <Gene {'node': <SumNode {'input_shapes': [(3, 16, 16), (3, 16, 16)]}>, 'input_indices': [0, 0], 'input_shapes': [(3, 16, 16), (3, 16, 16)]}>, <Gene {'node': <SumNode {'input_shapes': [(3, 32, 32), (128, 16, 16)]}>, 'input_indices': [-1, 1], 'input_shapes': [(3, 32, 32), (128, 16, 16)]}>, <Gene {'node': <ConvNode {'input_shapes': [(3, 16, 16)], '_ConvNode__input_shape': (3, 16, 16), '_ConvNode__output_feature_depth': 32, 'kernel_size': 1}>, 'input_indices': [0], 'input_shapes': [(3, 16, 16)]}>, <Gene {'node': <ConvNode {'input_shapes': [(3, 16, 16)], '_ConvNode__input_shape': (3, 16, 16), '_ConvNode__output_feature_depth': 32, 'kernel_size': 1}>, 'input_indices': [2], 'input_shapes': [(3, 16, 16)]}>, <Gene {'node': <CatNode {'input_shapes': [(32, 16, 16), (32, 16, 16)]}>, 'input_indices': [5, 6], 'input_shapes': [(32, 16, 16), (32, 16, 16)]}>, <Gene {'node': <DepSepConvNode {'input_shapes': [(32, 16, 16)], '_DepSepConvNode__input_shape': (32, 16, 16), '_DepSepConvNode__output_feature_depth': 64, 'kernel_size': 3}>, 'input_indices': [6], 'input_shapes': [(32, 16, 16)]}>, <Gene {'node': <ConvNode {'input_shapes': [(3, 16, 16)], '_ConvNode__input_shape': (3, 16, 16), '_ConvNode__output_feature_depth': 128, 'kernel_size': 1}>, 'input_indices': [0], 'input_shapes': [(3, 16, 16)]}>]}>",2.672429084777832,2.0473666191101074,1.9788762331008911,1.9347463846206665,1.899025797843933,1.8666472434997559,1.835969090461731,1.8075928688049316,1.7826588153839111,1.759780764579773,1.7391706705093384,1.7204968929290771,1.7034778594970703,1.6880203485488892,1.6737983226776123,1.660569429397583,1.6484020948410034,1.6370880603790283,1.6264389753341675,1.6164854764938354,1.6070270538330078,1.5980210304260254,1.5893614292144775,1.5809617042541504,1.5729440450668335,1.5651376247406006,1.557460069656372,1.5498958826065063,1.5427290201187134,1.5354926586151123,1.5285160541534424,1.5216047763824463,1.514907717704773,1.5080971717834473,1.5015184879302979,1.4949519634246826,1.4886442422866821,1.4824315309524536,1.4764227867126465,1.4704381227493286,1.4645133018493652,1.4587289094924927,1.4528361558914185,1.4470676183700562,1.441245436668396,1.4353141784667969,1.4296095371246338,1.42384934425354,1.418248176574707,1.4126811027526855,1.4072216749191284,1.4019336700439453,1.3966033458709717,1.391493797302246,1.3864376544952393,1.3814524412155151,1.3765610456466675,1.3716914653778076,1.3669826984405518,1.3623530864715576,1.357662558555603,1.3533146381378174,1.348803162574768,1.344433069229126,1.3402568101882935,1.3360756635665894,1.331926703453064,1.327707052230835,1.3237121105194092,1.3197053670883179,1.3157691955566406,1.3119570016860962,1.3081461191177368,1.3043205738067627,1.3005943298339844,1.29694664478302,1.2934075593948364,1.289794921875,1.2862952947616577,1.282820463180542,1.2793575525283813,1.275907278060913,1.2725896835327148,1.2694168090820312,1.2661502361297607,1.2630810737609863,1.2599661350250244,1.25706148147583,1.2540799379348755,1.2513782978057861,1.248665690422058,1.245950698852539,1.2432996034622192,1.240579605102539,1.2377127408981323,1.2348355054855347,1.2321348190307617,1.2296565771102905,1.2271409034729004,1.2241584062576294,1.2217618227005005,2.6736786365509033,2.0266146659851074,1.9618597030639648,1.9196833372116089,1.885890007019043,1.855173945426941,1.8270419836044312,1.8021125793457031,1.778755784034729,1.757319450378418,1.738125205039978,1.720678687095642,1.7050637006759644,1.691375970840454,1.678571343421936,1.6668522357940674,1.656535029411316,1.6472578048706055,1.6386457681655884,1.630411148071289,1.622908592224121,1.6159979104995728,1.6094051599502563,1.6031392812728882,1.5971218347549438,1.5915096998214722,1.5859349966049194,1.580599069595337,1.575677752494812,1.5707285404205322,1.5659937858581543,1.5615354776382446,1.5569828748703003,1.5525190830230713,1.5477877855300903,1.543543815612793,1.5391801595687866,1.5346338748931885,1.530395746231079,1.5260282754898071,1.5218256711959839,1.5178418159484863,1.5139068365097046,1.5097436904907227,1.5055782794952393,1.5018155574798584,1.4982327222824097,1.4943264722824097,1.4909014701843262,1.4874342679977417,1.484100341796875,1.4808332920074463,1.4777300357818604,1.4747895002365112,1.4721360206604004,1.4695686101913452,1.467293620109558,1.4654183387756348,1.4632238149642944,1.4613271951675415,1.4594452381134033,1.4579627513885498,1.4561264514923096,1.4547317028045654,1.4534482955932617,1.452107548713684,1.4507558345794678,1.4497102499008179,1.4486489295959473,1.4475029706954956,1.4462167024612427,1.4451649188995361,1.444055438041687,1.4432381391525269,1.4426360130310059,1.4419740438461304,1.4412816762924194,1.4406495094299316,1.4399518966674805,1.4396194219589233,1.4391940832138062,1.4390671253204346,1.4389251470565796,1.438947319984436,1.4388681650161743,1.4391071796417236,1.439052700996399,1.4392088651657104,1.4391809701919556,1.4391716718673706,1.4393036365509033,1.4395349025726318,1.4396555423736572,1.4399064779281616,1.4401830434799194,1.4403022527694702,1.4407812356948853,1.441380500793457,1.4418781995773315,1.442307710647583,1.443022608757019
"<Genome {'input_shape': (3, 32, 32), 'output_feature_depth': 10, 'genes': [<Gene {'node': <DepSepConvNode {'input_shapes': [(3, 32, 32)], '_DepSepConvNode__input_shape': (3, 32, 32), '_DepSepConvNode__output_feature_depth': 32, 'kernel_size': 3}>, 'input_indices': [-1], 'input_shapes': [(3, 32, 32)]}>, <Gene {'node': <SumNode {'input_shapes': [(3, 32, 32), (32, 32, 32)]}>, 'input_indices': [-1, 0], 'input_shapes': [(3, 32, 32), (32, 32, 32)]}>, <Gene {'node': <MaxPoolNode {'input_shapes': [(32, 32, 32)]}>, 'input_indices': [1], 'input_shapes': [(32, 32, 32)]}>, <Gene {'node': <DepSepConvNode {'input_shapes': [(3, 32, 32)], '_DepSepConvNode__input_shape': (3, 32, 32), '_DepSepConvNode__output_feature_depth': 64, 'kernel_size': 3}>, 'input_indices': [-1], 'input_shapes': [(3, 32, 32)]}>, <Gene {'node': <CatNode {'input_shapes': [(64, 32, 32), (64, 32, 32)]}>, 'input_indices': [3, 3], 'input_shapes': [(64, 32, 32), (64, 32, 32)]}>, <Gene {'node': <ConvNode {'input_shapes': [(128, 64, 64)], '_ConvNode__input_shape': (128, 64, 64), '_ConvNode__output_feature_depth': 128, 'kernel_size': 3}>, 'input_indices': [4], 'input_shapes': [(128, 64, 64)]}>, <Gene {'node': <MaxPoolNode {'input_shapes': [(32, 16, 16)]}>, 'input_indices': [2], 'input_shapes': [(32, 16, 16)]}>, <Gene {'node': <ConvNode {'input_shapes': [(128, 64, 64)], '_ConvNode__input_shape': (128, 64, 64), '_ConvNode__output_feature_depth': 32, 'kernel_size': 1}>, 'input_indices': [4], 'input_shapes': [(128, 64, 64)]}>, <Gene {'node': <DepSepConvNode {'input_shapes': [(32, 64, 64)], '_DepSepConvNode__input_shape': (32, 64, 64), '_DepSepConvNode__output_feature_depth': 64, 'kernel_size': 3}>, 'input_indices': [7], 'input_shapes': [(32, 64, 64)]}>, <Gene {'node': <CatNode {'input_shapes': [(32, 64, 64), (32, 8, 8)]}>, 'input_indices': [7, 6], 'input_shapes': [(32, 64, 64), (32, 8, 8)]}>]}>",7.7711052894592285,1.9032140970230103,1.8341935873031616,1.7870458364486694,1.7497236728668213,1.7152326107025146,1.6815003156661987,1.6540923118591309,1.6257379055023193,1.5990949869155884,1.575578212738037,1.5522629022598267,1.5245022773742676,1.5033466815948486,1.483870506286621,1.4624183177947998,1.4425441026687622,1.4211578369140625,1.4057849645614624,1.3855721950531006,1.3719407320022583,1.3553699254989624,1.3424091339111328,1.3277610540390015,1.3146904706954956,1.2995189428329468,1.2863558530807495,1.271146297454834,1.2555197477340698,1.2420915365219116,1.2287335395812988,1.217964768409729,1.2058497667312622,1.1933082342147827,1.179653525352478,1.1694945096969604,1.1547645330429077,1.1435441970825195,1.1314077377319336,1.1200180053710938,1.1101211309432983,1.0980974435806274,1.0884116888046265,1.0785400867462158,1.0683465003967285,1.0599100589752197,1.0501089096069336,1.0409923791885376,1.0313256978988647,1.022629976272583,1.0121020078659058,1.0037552118301392,0.994421660900116,0.9864641427993774,0.975157618522644,0.9669495820999146,0.9577934741973877,0.9496511220932007,0.939995527267456,0.9315829277038574,0.9227742552757263,0.9151496887207031,0.9068027138710022,0.8964806795120239,0.8874959349632263,0.8796042203903198,0.8717400431632996,0.8633430004119873,0.8564589619636536,0.8491296768188477,0.8406090140342712,0.8342122435569763,0.8270024061203003,0.8176558613777161,0.8102791905403137,0.8028712272644043,0.7954511046409607,0.7886494994163513,0.7817233800888062,0.7734693288803101,0.7662473320960999,0.7591020464897156,0.7544040679931641,0.7472528219223022,0.7425263524055481,0.7359215021133423,0.7294265031814575,0.7235749363899231,0.7164465188980103,0.7072901725769043,0.703431248664856,0.6960762143135071,0.6930072903633118,0.6853894591331482,0.6788915395736694,0.6708510518074036,0.6650818586349487,0.6607383489608765,0.6574652791023254,0.652626633644104,0.6453629732131958,7.678302764892578,1.897345781326294,1.8348735570907593,1.7938737869262695,1.7629762887954712,1.7338322401046753,1.7025606632232666,1.6794061660766602,1.6536579132080078,1.6328098773956299,1.612080454826355,1.5930012464523315,1.571410894393921,1.554949164390564,1.541537880897522,1.5237982273101807,1.5086649656295776,1.4937331676483154,1.4832851886749268,1.470434308052063,1.4635653495788574,1.454120397567749,1.4496179819107056,1.4417630434036255,1.4360158443450928,1.4282530546188354,1.4212024211883545,1.4153053760528564,1.405759334564209,1.3989337682724,1.392075538635254,1.38937509059906,1.3858642578125,1.3813726902008057,1.3756765127182007,1.3737539052963257,1.3689037561416626,1.367324709892273,1.3633145093917847,1.3602601289749146,1.3583418130874634,1.3553013801574707,1.3540109395980835,1.3519757986068726,1.3513697385787964,1.3523924350738525,1.352016806602478,1.3515822887420654,1.3521842956542969,1.3524283170700073,1.3511427640914917,1.3513964414596558,1.351717233657837,1.3517885208129883,1.350268006324768,1.3508163690567017,1.3479028940200806,1.348879337310791,1.347994089126587,1.3482576608657837,1.3479645252227783,1.349960207939148,1.3501497507095337,1.3480151891708374,1.346886396408081,1.3473714590072632,1.3483065366744995,1.348302960395813,1.3498519659042358,1.3518092632293701,1.3536301851272583,1.35722815990448,1.3600572347640991,1.3625357151031494,1.3671011924743652,1.371631145477295,1.3752402067184448,1.3798538446426392,1.3822226524353027,1.3855326175689697,1.3879587650299072,1.3916274309158325,1.3939905166625977,1.3963778018951416,1.4011614322662354,1.403717279434204,1.4080729484558105,1.4121088981628418,1.4161840677261353,1.41922926902771,1.423684000968933,1.4293360710144043,1.43382728099823,1.439732313156128,1.4428671598434448,1.4501804113388062,1.4545100927352905,1.4622762203216553,1.4716428518295288,1.4770325422286987,1.4814834594726562
"<Genome {'input_shape': (3, 32, 32), 'output_feature_depth': 10, 'genes': [<Gene {'node': <CatNode {'input_shapes': [(3, 32, 32), (3, 32, 32)]}>, 'input_indices': [-1, -1], 'input_shapes': [(3, 32, 32), (3, 32, 32)]}>, <Gene {'node': <MaxPoolNode {'input_shapes': [(6, 3, 3)]}>, 'input_indices': [0], 'input_shapes': [(6, 3, 3)]}>, <Gene {'node': <CatNode {'input_shapes': [(3, 32, 32), (3, 32, 32)]}>, 'input_indices': [-1, -1], 'input_shapes': [(3, 32, 32), (3, 32, 32)]}>, <Gene {'node': <MaxPoolNode {'input_shapes': [(6, 1, 1)]}>, 'input_indices': [1], 'input_shapes': [(6, 1, 1)]}>, <Gene {'node': <DepSepConvNode {'input_shapes': [(6, 3, 3)], '_DepSepConvNode__input_shape': (6, 3, 3), '_DepSepConvNode__output_feature_depth': 128, 'kernel_size': 5}>, 'input_indices': [0], 'input_shapes': [(6, 3, 3)]}>, <Gene {'node': <CatNode {'input_shapes': [(3, 32, 32), (6, 3, 3)]}>, 'input_indices': [-1, 2], 'input_shapes': [(3, 32, 32), (6, 3, 3)]}>, <Gene {'node': <MaxPoolNode {'input_shapes': [(6, 1, 1)]}>, 'input_indices': [3], 'input_shapes': [(6, 1, 1)]}>, <Gene {'node': <AvgPoolNode {'input_shapes': [(6, 1, 1)]}>, 'input_indices': [3], 'input_shapes': [(6, 1, 1)]}>, <Gene {'node': <ConvNode {'input_shapes': [(6, 1, 1)], '_ConvNode__input_shape': (6, 1, 1), '_ConvNode__output_feature_depth': 128, 'kernel_size': 1}>, 'input_indices': [7], 'input_shapes': [(6, 1, 1)]}>, <Gene {'node': <DepSepConvNode {'input_shapes': [(128, 1, 1)], '_DepSepConvNode__input_shape': (128, 1, 1), '_DepSepConvNode__output_feature_depth': 128, 'kernel_size': 5}>, 'input_indices': [8], 'input_shapes': [(128, 1, 1)]}>]}>",3.622464179992676,1.9465221166610718,1.8620660305023193,1.7958670854568481,1.7419706583023071,1.698228120803833,1.6617153882980347,1.630631923675537,1.6053528785705566,1.5795037746429443,1.5583997964859009,1.5348979234695435,1.5142561197280884,1.4929628372192383,1.4729514122009277,1.4549912214279175,1.4373879432678223,1.4203863143920898,1.4035670757293701,1.387444257736206,1.372649073600769,1.358374834060669,1.345100998878479,1.3316411972045898,1.3184306621551514,1.3054898977279663,1.2931585311889648,1.281471848487854,1.2700191736221313,1.2584565877914429,1.2464364767074585,1.2351628541946411,1.2241110801696777,1.2128738164901733,1.2014394998550415,1.1902292966842651,1.1795445680618286,1.1692718267440796,1.1590205430984497,1.14836585521698,1.1375764608383179,1.1281766891479492,1.118122935295105,1.1082009077072144,1.0981448888778687,1.088322401046753,1.078978419303894,1.07005774974823,1.0614562034606934,1.052241325378418,1.0436139106750488,1.0350602865219116,1.0257675647735596,1.0177830457687378,1.0100818872451782,1.0029548406600952,0.9948775768280029,0.9872903227806091,0.9802330136299133,0.973714292049408,0.9663300514221191,0.9598559141159058,0.9527468681335449,0.9469053745269775,0.9400339722633362,0.9341214895248413,0.9265714287757874,0.9203858375549316,0.9136026501655579,0.9072553515434265,0.901706874370575,0.8944454193115234,0.8897796869277954,0.8848222494125366,0.8800058364868164,0.87470942735672,0.8696264624595642,0.864429235458374,0.8585658073425293,0.8518596291542053,0.845205545425415,0.8386356234550476,0.8310287594795227,0.8269678950309753,0.819249153137207,0.8118265271186829,0.807186484336853,0.8014848828315735,0.7952390909194946,0.7901357412338257,0.7820985913276672,0.7768978476524353,0.770695149898529,0.7646021842956543,0.7588537335395813,0.7533566355705261,0.7488842010498047,0.7443377375602722,0.7386302947998047,0.7333404421806335,0.7288364768028259,3.5514450073242188,1.9369900226593018,1.8561546802520752,1.7929996252059937,1.741916537284851,1.7006620168685913,1.6659396886825562,1.6373125314712524,1.6146668195724487,1.5931733846664429,1.5778082609176636,1.5603173971176147,1.5421693325042725,1.526982307434082,1.5134472846984863,1.5015581846237183,1.4901937246322632,1.4799374341964722,1.469996452331543,1.4607397317886353,1.4526978731155396,1.4454388618469238,1.4387718439102173,1.4320226907730103,1.426035761833191,1.420297622680664,1.415195345878601,1.4108891487121582,1.4071248769760132,1.4032098054885864,1.399062991142273,1.3956953287124634,1.3926738500595093,1.3892498016357422,1.3864808082580566,1.383553147315979,1.3815619945526123,1.3796504735946655,1.3770617246627808,1.3743622303009033,1.3715574741363525,1.3693751096725464,1.3674745559692383,1.365568995475769,1.363814115524292,1.3628181219100952,1.361788272857666,1.360874056816101,1.3598766326904297,1.3588120937347412,1.3576738834381104,1.3579105138778687,1.357632040977478,1.3579249382019043,1.3590812683105469,1.361167311668396,1.3622686862945557,1.3636921644210815,1.3654441833496094,1.366567611694336,1.3684462308883667,1.3702418804168701,1.3713929653167725,1.3739230632781982,1.3760277032852173,1.377518892288208,1.3795340061187744,1.3812726736068726,1.383162260055542,1.3857386112213135,1.3874599933624268,1.3890775442123413,1.3913086652755737,1.3928054571151733,1.3941845893859863,1.3960059881210327,1.3976304531097412,1.3980200290679932,1.3978605270385742,1.4001922607421875,1.400180697441101,1.3993659019470215,1.4002827405929565,1.4030647277832031,1.4032678604125977,1.4047540426254272,1.4064468145370483,1.408753514289856,1.4100264310836792,1.4113571643829346,1.411355972290039,1.4136635065078735,1.412708044052124,1.415826678276062,1.4195626974105835,1.4208464622497559,1.4248448610305786,1.4274213314056396,1.4311150312423706,1.4342894554138184,1.4384604692459106
"<Genome {'input_shape': (3, 32, 32), 'output_feature_depth': 10, 'genes': [<Gene {'node': <ConvNode {'input_shapes': [(3, 32, 32)], '_ConvNode__input_shape': (3, 32, 32), '_ConvNode__output_feature_depth': 32, 'kernel_size': 1}>, 'input_indices': [-1], 'input_shapes': [(3, 32, 32)]}>, <Gene {'node': <SumNode {'input_shapes': [(32, 32, 32), (32, 32, 32)]}>, 'input_indices': [0, 0], 'input_shapes': [(32, 32, 32), (32, 32, 32)]}>, <Gene {'node': <MaxPoolNode {'input_shapes': [(3, 32, 32)]}>, 'input_indices': [-1], 'input_shapes': [(3, 32, 32)]}>, <Gene {'node': <MaxPoolNode {'input_shapes': [(3, 16, 16)]}>, 'input_indices': [2], 'input_shapes': [(3, 16, 16)]}>, <Gene {'node': <ConvNode {'input_shapes': [(3, 16, 16)], '_ConvNode__input_shape': (3, 16, 16), '_ConvNode__output_feature_depth': 64, 'kernel_size': 1}>, 'input_indices': [2], 'input_shapes': [(3, 16, 16)]}>, <Gene {'node': <SumNode {'input_shapes': [(3, 16, 16), (32, 32, 32)]}>, 'input_indices': [2, 0], 'input_shapes': [(3, 16, 16), (32, 32, 32)]}>, <Gene {'node': <DepSepConvNode {'input_shapes': [(3, 16, 16)], '_DepSepConvNode__input_shape': (3, 16, 16), '_DepSepConvNode__output_feature_depth': 256, 'kernel_size': 5}>, 'input_indices': [2], 'input_shapes': [(3, 16, 16)]}>, <Gene {'node': <CatNode {'input_shapes': [(32, 32, 32), (32, 32, 32)]}>, 'input_indices': [1, 0], 'input_shapes': [(32, 32, 32), (32, 32, 32)]}>, <Gene {'node': <ConvNode {'input_shapes': [(256, 16, 16)], '_ConvNode__input_shape': (256, 16, 16), '_ConvNode__output_feature_depth': 256, 'kernel_size': 3}>, 'input_indices': [6], 'input_shapes': [(256, 16, 16)]}>, <Gene {'node': <CatNode {'input_shapes': [(64, 16, 16), (32, 32, 32)]}>, 'input_indices': [4, 0], 'input_shapes': [(64, 16, 16), (32, 32, 32)]}>]}>",3.55767822265625,1.9601560831069946,1.894545555114746,1.8416260480880737,1.7938162088394165,1.7502648830413818,1.7140096426010132,1.6801488399505615,1.6505954265594482,1.6201914548873901,1.5924423933029175,1.5662310123443604,1.5421732664108276,1.5186095237731934,1.4965288639068604,1.475161075592041,1.454001545906067,1.433589220046997,1.4138935804367065,1.3937550783157349,1.3748701810836792,1.3563954830169678,1.3395813703536987,1.3218309879302979,1.3058042526245117,1.2889723777770996,1.2728590965270996,1.2575947046279907,1.2421214580535889,1.2276604175567627,1.2105379104614258,1.1951308250427246,1.1788166761398315,1.1639868021011353,1.148438572883606,1.1328235864639282,1.1180232763290405,1.1041330099105835,1.08974289894104,1.0749164819717407,1.0623294115066528,1.0503498315811157,1.0364171266555786,1.0225980281829834,1.0078388452529907,0.9940274953842163,0.9794954061508179,0.9660595655441284,0.9512707591056824,0.9363644123077393,0.920592188835144,0.9062051773071289,0.8925628066062927,0.8789308667182922,0.863392174243927,0.8479138612747192,0.8336005806922913,0.8171195387840271,0.8056207895278931,0.7910077571868896,0.7732166647911072,0.7578807473182678,0.7435619235038757,0.728196382522583,0.7147525548934937,0.7017324566841125,0.686177134513855,0.6739757061004639,0.6559550762176514,0.6383984684944153,0.6262363791465759,0.6113523244857788,0.5966820120811462,0.5814985036849976,0.5653229355812073,0.5521751642227173,0.5372250080108643,0.5265138745307922,0.51100093126297,0.49985313415527344,0.48618534207344055,0.4691281020641327,0.4566848874092102,0.44577327370643616,0.4338420033454895,0.4216744303703308,0.41440972685813904,0.40182241797447205,0.38942283391952515,0.37829458713531494,0.36982986330986023,0.36050641536712646,0.3525179326534271,0.3452591001987457,0.33405524492263794,0.3222563862800598,0.3133501708507538,0.3040293753147125,0.2970908582210541,0.2891775667667389,0.2807331085205078,3.5358638763427734,1.9617195129394531,1.9031137228012085,1.8552302122116089,1.8128241300582886,1.77326238155365,1.7428067922592163,1.714504599571228,1.6912431716918945,1.666298270225525,1.6453182697296143,1.6237343549728394,1.6058729887008667,1.5872927904129028,1.5726083517074585,1.558142066001892,1.5432699918746948,1.5301231145858765,1.5185080766677856,1.5068387985229492,1.496009111404419,1.486060619354248,1.4775060415267944,1.4678648710250854,1.4593992233276367,1.452042579650879,1.4441800117492676,1.4393943548202515,1.43293035030365,1.428547739982605,1.4208662509918213,1.4161889553070068,1.4106361865997314,1.4053127765655518,1.4021728038787842,1.3989628553390503,1.3972433805465698,1.3956207036972046,1.3933008909225464,1.3917219638824463,1.3935588598251343,1.3947261571884155,1.394254207611084,1.3963502645492554,1.3965826034545898,1.3980435132980347,1.4008969068527222,1.4027061462402344,1.4050108194351196,1.4070830345153809,1.4086123704910278,1.4121310710906982,1.4154791831970215,1.419509768486023,1.4205284118652344,1.4239519834518433,1.4291104078292847,1.4310860633850098,1.438192367553711,1.442245364189148,1.4447656869888306,1.4493532180786133,1.4546256065368652,1.4593427181243896,1.4675977230072021,1.4794450998306274,1.48492431640625,1.4942578077316284,1.4983378648757935,1.5078353881835938,1.5211725234985352,1.535959243774414,1.5397131443023682,1.549997329711914,1.5529013872146606,1.5718884468078613,1.5782331228256226,1.5919073820114136,1.5958060026168823,1.6094789505004883,1.6235506534576416,1.6287075281143188,1.640093445777893,1.657168984413147,1.6655479669570923,1.6812505722045898,1.6989080905914307,1.7071703672409058,1.725998878479004,1.733390212059021,1.7485331296920776,1.7584377527236938,1.7726871967315674,1.7859941720962524,1.7945579290390015,1.800965666770935,1.8092005252838135,1.8233222961425781,1.8410838842391968,1.8561359643936157,1.8651008605957031
"<Genome {'input_shape': (3, 32, 32), 'output_feature_depth': 10, 'genes': [<Gene {'node': <DepSepConvNode {'input_shapes': [(3, 32, 32)], '_DepSepConvNode__input_shape': (3, 32, 32), '_DepSepConvNode__output_feature_depth': 256, 'kernel_size': 5}>, 'input_indices': [-1], 'input_shapes': [(3, 32, 32)]}>, <Gene {'node': <AvgPoolNode {'input_shapes': [(256, 32, 32)]}>, 'input_indices': [0], 'input_shapes': [(256, 32, 32)]}>, <Gene {'node': <AvgPoolNode {'input_shapes': [(3, 32, 32)]}>, 'input_indices': [-1], 'input_shapes': [(3, 32, 32)]}>, <Gene {'node': <DepSepConvNode {'input_shapes': [(3, 16, 16)], '_DepSepConvNode__input_shape': (3, 16, 16), '_DepSepConvNode__output_feature_depth': 256, 'kernel_size': 3}>, 'input_indices': [2], 'input_shapes': [(3, 16, 16)]}>, <Gene {'node': <DepSepConvNode {'input_shapes': [(256, 16, 16)], '_DepSepConvNode__input_shape': (256, 16, 16), '_DepSepConvNode__output_feature_depth': 128, 'kernel_size': 5}>, 'input_indices': [1], 'input_shapes': [(256, 16, 16)]}>, <Gene {'node': <ConvNode {'input_shapes': [(3, 16, 16)], '_ConvNode__input_shape': (3, 16, 16), '_ConvNode__output_feature_depth': 128, 'kernel_size': 3}>, 'input_indices': [2], 'input_shapes': [(3, 16, 16)]}>, <Gene {'node': <MaxPoolNode {'input_shapes': [(3, 32, 32)]}>, 'input_indices': [-1], 'input_shapes': [(3, 32, 32)]}>, <Gene {'node': <AvgPoolNode {'input_shapes': [(3, 16, 16)]}>, 'input_indices': [6], 'input_shapes': [(3, 16, 16)]}>, <Gene {'node': <ConvNode {'input_shapes': [(3, 32, 32)], '_ConvNode__input_shape': (3, 32, 32), '_ConvNode__output_feature_depth': 128, 'kernel_size': 1}>, 'input_indices': [-1], 'input_shapes': [(3, 32, 32)]}>, <Gene {'node': <ConvNode {'input_shapes': [(256, 32, 32)], '_ConvNode__input_shape': (256, 32, 32), '_ConvNode__output_feature_depth': 128, 'kernel_size': 1}>, 'input_indices': [0], 'input_shapes': [(256, 32, 32)]}>]}>",3.312849760055542,1.8305171728134155,1.7447096109390259,1.6948871612548828,1.6595823764801025,1.6306328773498535,1.6044318675994873,1.5798382759094238,1.5569124221801758,1.535536766052246,1.5156736373901367,1.496537685394287,1.4779237508773804,1.4606255292892456,1.4441338777542114,1.4293978214263916,1.411252498626709,1.395711898803711,1.3809489011764526,1.3664906024932861,1.3515650033950806,1.3344781398773193,1.3216701745986938,1.3076441287994385,1.2931809425354004,1.2787610292434692,1.2640870809555054,1.2501128911972046,1.237701654434204,1.224228858947754,1.2105385065078735,1.1978341341018677,1.1842868328094482,1.171475887298584,1.158903956413269,1.1460474729537964,1.1317538022994995,1.1206002235412598,1.1073191165924072,1.0955784320831299,1.0826184749603271,1.0725494623184204,1.059993028640747,1.0477291345596313,1.0386183261871338,1.0270236730575562,1.0121482610702515,1.0012329816818237,0.9899768829345703,0.9803245663642883,0.9664623141288757,0.9535345435142517,0.9425650835037231,0.9300140738487244,0.9183784127235413,0.9076224565505981,0.8979259133338928,0.8875982761383057,0.8785023093223572,0.8667792677879333,0.8585808873176575,0.8485799431800842,0.8351813554763794,0.8251892924308777,0.8147734999656677,0.8039782643318176,0.7923604249954224,0.7801119089126587,0.7711687088012695,0.7624902129173279,0.7538493275642395,0.7414789199829102,0.7314216494560242,0.7206110954284668,0.7116594314575195,0.7006194591522217,0.690927267074585,0.6847373843193054,0.6750946640968323,0.6678969264030457,0.6620025038719177,0.6502994894981384,0.6439095735549927,0.6381576657295227,0.6312736868858337,0.6235663890838623,0.6160947680473328,0.6097665429115295,0.6032716631889343,0.6012060046195984,0.594531238079071,0.5871004462242126,0.5734459757804871,0.5579540729522705,0.5425268411636353,0.5236866474151611,0.5034469962120056,0.4891698360443115,0.47544053196907043,0.46624478697776794,0.45793840289115906,3.2851128578186035,1.815572738647461,1.7354389429092407,1.6952136754989624,1.6689026355743408,1.6478233337402344,1.6277841329574585,1.6096022129058838,1.5937130451202393,1.5781071186065674,1.563259243965149,1.5482558012008667,1.5336135625839233,1.519576907157898,1.5062397718429565,1.4945217370986938,1.4804937839508057,1.468786597251892,1.4569422006607056,1.4471380710601807,1.4369213581085205,1.4239249229431152,1.4156945943832397,1.4069360494613647,1.3968080282211304,1.3876312971115112,1.3788460493087769,1.3705085515975952,1.362913727760315,1.356501817703247,1.3488425016403198,1.3432655334472656,1.3366888761520386,1.330074667930603,1.3257631063461304,1.3208427429199219,1.3148081302642822,1.309646487236023,1.304012656211853,1.300014853477478,1.2959237098693848,1.293399691581726,1.2896692752838135,1.285761833190918,1.2851920127868652,1.2836850881576538,1.277400016784668,1.2760229110717773,1.2734001874923706,1.27256441116333,1.268696665763855,1.2649061679840088,1.2645567655563354,1.2614355087280273,1.2607848644256592,1.2585920095443726,1.2591755390167236,1.2600067853927612,1.2614794969558716,1.2600606679916382,1.2609630823135376,1.261978030204773,1.2595033645629883,1.2589010000228882,1.260145664215088,1.2604387998580933,1.2602819204330444,1.258517861366272,1.2600854635238647,1.2633156776428223,1.2630318403244019,1.2625880241394043,1.2605398893356323,1.2586408853530884,1.2612146139144897,1.262480616569519,1.2645729780197144,1.268366813659668,1.2696768045425415,1.2728818655014038,1.2788478136062622,1.2784781455993652,1.2811368703842163,1.2872816324234009,1.2942858934402466,1.2999582290649414,1.3075300455093384,1.3122361898422241,1.319236159324646,1.331053614616394,1.337018609046936,1.3428642749786377,1.3408650159835815,1.3393900394439697,1.3355032205581665,1.3290784358978271,1.3217884302139282,1.3177491426467896,1.3174299001693726,1.315079689025879,1.3173216581344604
"<Genome {'input_shape': (3, 32, 32), 'output_feature_depth': 10, 'genes': [<Gene {'node': <DepSepConvNode {'input_shapes': [(3, 32, 32)], '_DepSepConvNode__input_shape': (3, 32, 32), '_DepSepConvNode__output_feature_depth': 32, 'kernel_size': 5}>, 'input_indices': [-1], 'input_shapes': [(3, 32, 32)]}>, <Gene {'node': <MaxPoolNode {'input_shapes': [(32, 32, 32)]}>, 'input_indices': [0], 'input_shapes': [(32, 32, 32)]}>, <Gene {'node': <MaxPoolNode {'input_shapes': [(32, 16, 16)]}>, 'input_indices': [1], 'input_shapes': [(32, 16, 16)]}>, <Gene {'node': <CatNode {'input_shapes': [(3, 32, 32), (32, 32, 32)]}>, 'input_indices': [-1, 0], 'input_shapes': [(3, 32, 32), (32, 32, 32)]}>, <Gene {'node': <AvgPoolNode {'input_shapes': [(32, 16, 16)]}>, 'input_indices': [1], 'input_shapes': [(32, 16, 16)]}>, <Gene {'node': <MaxPoolNode {'input_shapes': [(3, 32, 32)]}>, 'input_indices': [-1], 'input_shapes': [(3, 32, 32)]}>, <Gene {'node': <MaxPoolNode {'input_shapes': [(3, 16, 16)]}>, 'input_indices': [5], 'input_shapes': [(3, 16, 16)]}>, <Gene {'node': <MaxPoolNode {'input_shapes': [(32, 8, 8)]}>, 'input_indices': [2], 'input_shapes': [(32, 8, 8)]}>, <Gene {'node': <CatNode {'input_shapes': [(32, 8, 8), (32, 32, 32)]}>, 'input_indices': [2, 0], 'input_shapes': [(32, 8, 8), (32, 32, 32)]}>, <Gene {'node': <ConvNode {'input_shapes': [(32, 32, 32)], '_ConvNode__input_shape': (32, 32, 32), '_ConvNode__output_feature_depth': 256, 'kernel_size': 1}>, 'input_indices': [0], 'input_shapes': [(32, 32, 32)]}>]}>",3.6318814754486084,1.9371082782745361,1.8678089380264282,1.8284811973571777,1.8051384687423706,1.7889113426208496,1.776508092880249,1.766035556793213,1.755246639251709,1.7461668252944946,1.7377263307571411,1.7306333780288696,1.7234551906585693,1.7166566848754883,1.7097892761230469,1.7032737731933594,1.6969090700149536,1.6904819011688232,1.683929443359375,1.6776143312454224,1.6713618040084839,1.6648205518722534,1.6579616069793701,1.651084303855896,1.6444339752197266,1.637428641319275,1.6307311058044434,1.6238423585891724,1.616681456565857,1.6098109483718872,1.602946400642395,1.5956840515136719,1.5889654159545898,1.5825735330581665,1.5765957832336426,1.5705585479736328,1.5649824142456055,1.5596168041229248,1.5547451972961426,1.5503298044204712,1.546470046043396,1.5416760444641113,1.5362199544906616,1.5314979553222656,1.526658296585083,1.5221010446548462,1.51749849319458,1.5124106407165527,1.5082165002822876,1.5036391019821167,1.499613642692566,1.4955098628997803,1.491532564163208,1.487288475036621,1.48374605178833,1.4798370599746704,1.4769363403320312,1.473572015762329,1.4696968793869019,1.4661253690719604,1.4624359607696533,1.4591281414031982,1.4559658765792847,1.4526962041854858,1.4497342109680176,1.4470592737197876,1.4442980289459229,1.441826581954956,1.438379168510437,1.435827374458313,1.4332752227783203,1.4303759336471558,1.427557349205017,1.4252699613571167,1.4222800731658936,1.419900894165039,1.4174811840057373,1.4151225090026855,1.4129691123962402,1.4107756614685059,1.4087949991226196,1.4066184759140015,1.4048916101455688,1.402427315711975,1.4000998735427856,1.3983147144317627,1.3959957361221313,1.393750786781311,1.3913326263427734,1.3894760608673096,1.3875612020492554,1.385523796081543,1.3836767673492432,1.382542371749878,1.3802266120910645,1.3786907196044922,1.3769019842147827,1.3752467632293701,1.3733470439910889,1.3722361326217651,1.3703521490097046,3.5648422241210938,1.9250322580337524,1.8672285079956055,1.8370646238327026,1.8217562437057495,1.8126163482666016,1.8064842224121094,1.802011489868164,1.7961081266403198,1.7915775775909424,1.7872772216796875,1.7842342853546143,1.780584692955017,1.7770451307296753,1.7730110883712769,1.7690448760986328,1.7649897336959839,1.760615587234497,1.7556772232055664,1.7508515119552612,1.7461308240890503,1.7410402297973633,1.7353826761245728,1.7297815084457397,1.7241867780685425,1.718308448791504,1.713051676750183,1.707820177078247,1.7022907733917236,1.6970080137252808,1.6916143894195557,1.685894250869751,1.681304931640625,1.6768907308578491,1.672753930091858,1.6688175201416016,1.6648327112197876,1.661455750465393,1.6592003107070923,1.6566486358642578,1.6544125080108643,1.6514440774917603,1.6475766897201538,1.6451727151870728,1.6421340703964233,1.6392087936401367,1.636177659034729,1.6325269937515259,1.6295053958892822,1.6265839338302612,1.6238449811935425,1.6218677759170532,1.6198915243148804,1.6174596548080444,1.616075873374939,1.6143983602523804,1.6132887601852417,1.6124075651168823,1.61125648021698,1.6099979877471924,1.6088930368423462,1.6076618432998657,1.606666922569275,1.605847954750061,1.6048554182052612,1.604486346244812,1.6039313077926636,1.6038347482681274,1.602281928062439,1.6016088724136353,1.60114324092865,1.600210428237915,1.5993765592575073,1.5992021560668945,1.5985941886901855,1.5976459980010986,1.5972234010696411,1.596240758895874,1.5961259603500366,1.5951757431030273,1.595210313796997,1.5945857763290405,1.5950990915298462,1.5945396423339844,1.5944401025772095,1.5944212675094604,1.5940688848495483,1.5932451486587524,1.5923234224319458,1.5918635129928589,1.5917233228683472,1.5908253192901611,1.5900205373764038,1.5893831253051758,1.5886696577072144,1.5876810550689697,1.5874824523925781,1.5870484113693237,1.5870437622070312,1.5879507064819336,1.5868557691574097
"<Genome {'input_shape': (3, 32, 32), 'output_feature_depth': 10, 'genes': [<Gene {'node': <SumNode {'input_shapes': [(3, 32, 32), (3, 32, 32)]}>, 'input_indices': [-1, -1], 'input_shapes': [(3, 32, 32), (3, 32, 32)]}>, <Gene {'node': <CatNode {'input_shapes': [(3, 3, 3), (3, 32, 32)]}>, 'input_indices': [0, -1], 'input_shapes': [(3, 3, 3), (3, 32, 32)]}>, <Gene {'node': <ConvNode {'input_shapes': [(3, 32, 32)], '_ConvNode__input_shape': (3, 32, 32), '_ConvNode__output_feature_depth': 128, 'kernel_size': 1}>, 'input_indices': [-1], 'input_shapes': [(3, 32, 32)]}>, <Gene {'node': <CatNode {'input_shapes': [(128, 32, 32), (3, 3, 3)]}>, 'input_indices': [2, 0], 'input_shapes': [(128, 32, 32), (3, 3, 3)]}>, <Gene {'node': <AvgPoolNode {'input_shapes': [(128, 32, 32)]}>, 'input_indices': [2], 'input_shapes': [(128, 32, 32)]}>, <Gene {'node': <MaxPoolNode {'input_shapes': [(6, 3, 3)]}>, 'input_indices': [1], 'input_shapes': [(6, 3, 3)]}>, <Gene {'node': <SumNode {'input_shapes': [(128, 32, 32), (128, 32, 32)]}>, 'input_indices': [2, 2], 'input_shapes': [(128, 32, 32), (128, 32, 32)]}>, <Gene {'node': <MaxPoolNode {'input_shapes': [(3, 3, 3)]}>, 'input_indices': [0], 'input_shapes': [(3, 3, 3)]}>, <Gene {'node': <AvgPoolNode {'input_shapes': [(3, 3, 3)]}>, 'input_indices': [0], 'input_shapes': [(3, 3, 3)]}>, <Gene {'node': <ConvNode {'input_shapes': [(131, 128, 128)], '_ConvNode__input_shape': (131, 128, 128), '_ConvNode__output_feature_depth': 256, 'kernel_size': 1}>, 'input_indices': [3], 'input_shapes': [(131, 128, 128)]}>]}>",4.560690879821777,1.9865198135375977,1.9541914463043213,1.9365109205245972,1.9256144762039185,1.9175631999969482,1.9113832712173462,1.905057430267334,1.9018380641937256,1.8963472843170166,1.8940826654434204,1.890841007232666,1.8890283107757568,1.8861308097839355,1.8832772970199585,1.8813070058822632,1.8795169591903687,1.8777978420257568,1.8744254112243652,1.873798131942749,1.872141718864441,1.8702133893966675,1.8694332838058472,1.8678315877914429,1.86683189868927,1.865736961364746,1.8638235330581665,1.8638114929199219,1.860663890838623,1.8607251644134521,1.8600322008132935,1.8576114177703857,1.8569095134735107,1.8551234006881714,1.8543184995651245,1.8517451286315918,1.8505003452301025,1.8496798276901245,1.848527193069458,1.8479275703430176,1.8470557928085327,1.8456790447235107,1.8458518981933594,1.8445197343826294,1.8439353704452515,1.8431259393692017,1.8425078392028809,1.8420454263687134,1.8416980504989624,1.8408331871032715,1.8400911092758179,1.8395295143127441,1.8386598825454712,1.8378195762634277,1.837585210800171,1.8362497091293335,1.835646629333496,1.834898591041565,1.8340469598770142,1.832953929901123,1.8323708772659302,1.8325016498565674,1.8317099809646606,1.8312385082244873,1.8311259746551514,1.8297677040100098,1.8289258480072021,1.8280376195907593,1.8284481763839722,1.8265204429626465,1.8266010284423828,1.8247013092041016,1.824423909187317,1.8233356475830078,1.8235865831375122,1.8214118480682373,1.8215242624282837,1.8206015825271606,1.8202080726623535,1.8191070556640625,1.8184597492218018,1.8181118965148926,1.8176685571670532,1.8166025876998901,1.816741704940796,1.8171727657318115,1.8159022331237793,1.8160136938095093,1.8157941102981567,1.816241979598999,1.8141940832138062,1.8154444694519043,1.813215970993042,1.814314603805542,1.812819004058838,1.8143377304077148,1.8122589588165283,1.8137787580490112,1.8123605251312256,1.813745141029358,1.8128215074539185,4.578786849975586,1.9929561614990234,1.97119140625,1.9621044397354126,1.9563286304473877,1.9530212879180908,1.9482125043869019,1.9449520111083984,1.9454615116119385,1.942280650138855,1.9438332319259644,1.94353187084198,1.9448562860488892,1.9456501007080078,1.9456976652145386,1.945363998413086,1.9448078870773315,1.9446420669555664,1.942550539970398,1.943499207496643,1.9433879852294922,1.9431962966918945,1.94472336769104,1.945412516593933,1.9467319250106812,1.9479830265045166,1.949044108390808,1.9498003721237183,1.9500049352645874,1.9531223773956299,1.9542039632797241,1.954302191734314,1.9523838758468628,1.9564436674118042,1.9554871320724487,1.9559093713760376,1.956380844116211,1.9586519002914429,1.9591566324234009,1.9612385034561157,1.9633394479751587,1.9641895294189453,1.9665945768356323,1.9683414697647095,1.969985008239746,1.971987009048462,1.9734766483306885,1.9755744934082031,1.9773985147476196,1.97884202003479,1.9799302816390991,1.9816526174545288,1.9831775426864624,1.9839218854904175,1.985525131225586,1.9869216680526733,1.9881423711776733,1.990194320678711,1.991442322731018,1.9925720691680908,1.9942747354507446,1.9963537454605103,1.9986450672149658,1.9994144439697266,2.002701759338379,2.004228115081787,2.004993200302124,2.0071322917938232,2.0086686611175537,2.0099735260009766,2.0110557079315186,2.0123727321624756,2.0139973163604736,2.0157341957092285,2.018253803253174,2.018167018890381,2.021049976348877,2.0223419666290283,2.024385452270508,2.025294303894043,2.0271005630493164,2.028935194015503,2.0312840938568115,2.0323832035064697,2.0347468852996826,2.03782057762146,2.038250684738159,2.0407731533050537,2.0423812866210938,2.0455424785614014,2.0456926822662354,2.048482894897461,2.0488200187683105,2.051452398300171,2.0515496730804443,2.055469274520874,2.054908514022827,2.058335065841675,2.058344602584839,2.0623931884765625,2.062603235244751
"<Genome {'input_shape': (3, 32, 32), 'output_feature_depth': 10, 'genes': [<Gene {'node': <DepSepConvNode {'input_shapes': [(3, 32, 32)], '_DepSepConvNode__input_shape': (3, 32, 32), '_DepSepConvNode__output_feature_depth': 32, 'kernel_size': 3}>, 'input_indices': [-1], 'input_shapes': [(3, 32, 32)]}>, <Gene {'node': <MaxPoolNode {'input_shapes': [(32, 32, 32)]}>, 'input_indices': [0], 'input_shapes': [(32, 32, 32)]}>, <Gene {'node': <CatNode {'input_shapes': [(32, 32, 32), (32, 32, 32)]}>, 'input_indices': [0, 0], 'input_shapes': [(32, 32, 32), (32, 32, 32)]}>, <Gene {'node': <CatNode {'input_shapes': [(32, 32, 32), (3, 32, 32)]}>, 'input_indices': [0, -1], 'input_shapes': [(32, 32, 32), (3, 32, 32)]}>, <Gene {'node': <AvgPoolNode {'input_shapes': [(32, 32, 32)]}>, 'input_indices': [0], 'input_shapes': [(32, 32, 32)]}>, <Gene {'node': <MaxPoolNode {'input_shapes': [(64, 32, 32)]}>, 'input_indices': [2], 'input_shapes': [(64, 32, 32)]}>, <Gene {'node': <MaxPoolNode {'input_shapes': [(64, 16, 16)]}>, 'input_indices': [5], 'input_shapes': [(64, 16, 16)]}>, <Gene {'node': <AvgPoolNode {'input_shapes': [(64, 16, 16)]}>, 'input_indices': [5], 'input_shapes': [(64, 16, 16)]}>, <Gene {'node': <AvgPoolNode {'input_shapes': [(3, 32, 32)]}>, 'input_indices': [-1], 'input_shapes': [(3, 32, 32)]}>, <Gene {'node': <AvgPoolNode {'input_shapes': [(35, 32, 32)]}>, 'input_indices': [3], 'input_shapes': [(35, 32, 32)]}>]}>",3.210789680480957,2.1202433109283447,2.033696174621582,1.9852049350738525,1.9520556926727295,1.9269713163375854,1.9059672355651855,1.8873170614242554,1.8702973127365112,1.8546792268753052,1.8399816751480103,1.8261123895645142,1.8131190538406372,1.8011348247528076,1.7899301052093506,1.7793734073638916,1.7693216800689697,1.7598401308059692,1.7510607242584229,1.7426707744598389,1.7348955869674683,1.727472186088562,1.7204099893569946,1.7137260437011719,1.7076315879821777,1.7019290924072266,1.6964257955551147,1.691402554512024,1.6867367029190063,1.6821955442428589,1.6778414249420166,1.67366623878479,1.6696584224700928,1.6658166646957397,1.6622024774551392,1.6586856842041016,1.6553635597229004,1.6522067785263062,1.6491725444793701,1.6462188959121704,1.6433876752853394,1.6405879259109497,1.6379456520080566,1.6354193687438965,1.6330773830413818,1.6308488845825195,1.6285749673843384,1.6263294219970703,1.6241812705993652,1.6221280097961426,1.620174527168274,1.6183604001998901,1.6165343523025513,1.6147713661193848,1.6130257844924927,1.6113454103469849,1.6097139120101929,1.608129620552063,1.6066564321517944,1.6052225828170776,1.6038891077041626,1.6026325225830078,1.60132896900177,1.6001659631729126,1.5989811420440674,1.5978251695632935,1.596720814704895,1.5956453084945679,1.5945420265197754,1.59355628490448,1.5925633907318115,1.591667890548706,1.5906803607940674,1.5898022651672363,1.5889047384262085,1.5881125926971436,1.5873184204101562,1.5864254236221313,1.5856496095657349,1.5848897695541382,1.5841373205184937,1.5834096670150757,1.5826278924942017,1.5818439722061157,1.5812815427780151,1.5805811882019043,1.5798791646957397,1.579169750213623,1.5784999132156372,1.5779057741165161,1.5772840976715088,1.5766355991363525,1.57603120803833,1.5754514932632446,1.5748635530471802,1.5742435455322266,1.5736852884292603,1.573160171508789,1.5726145505905151,1.5720314979553223,1.5715528726577759,3.2349212169647217,2.0940113067626953,2.0004281997680664,1.9525707960128784,1.919493556022644,1.893449068069458,1.8713985681533813,1.8516546487808228,1.8337703943252563,1.817636489868164,1.802772879600525,1.7892484664916992,1.7769695520401,1.7659991979599,1.7559038400650024,1.746747612953186,1.7384144067764282,1.731005072593689,1.7245235443115234,1.7187750339508057,1.7137473821640015,1.7092894315719604,1.7051786184310913,1.7012211084365845,1.6977405548095703,1.6945730447769165,1.6914688348770142,1.6890519857406616,1.6866264343261719,1.6840091943740845,1.6814966201782227,1.6790132522583008,1.6765230894088745,1.6742181777954102,1.672129511833191,1.6700668334960938,1.6681216955184937,1.6663480997085571,1.664772391319275,1.663185715675354,1.6616894006729126,1.660193681716919,1.6587625741958618,1.6573622226715088,1.656164526939392,1.6550472974777222,1.6536762714385986,1.652456521987915,1.6513385772705078,1.6503747701644897,1.6493593454360962,1.6484655141830444,1.6475261449813843,1.646567702293396,1.6454994678497314,1.6444231271743774,1.6434707641601562,1.6425517797470093,1.641709327697754,1.6407556533813477,1.6400320529937744,1.6392595767974854,1.638414740562439,1.6376885175704956,1.636948585510254,1.6362313032150269,1.6355981826782227,1.6348685026168823,1.6341831684112549,1.633543610572815,1.6328805685043335,1.6323347091674805,1.6314947605133057,1.6311906576156616,1.630428671836853,1.629968285560608,1.629485011100769,1.6288642883300781,1.6283222436904907,1.6278806924819946,1.627436876296997,1.6269782781600952,1.6264313459396362,1.625914454460144,1.6256417036056519,1.6252168416976929,1.624819040298462,1.6243505477905273,1.6240211725234985,1.6237671375274658,1.6234616041183472,1.6230653524398804,1.6227258443832397,1.6224602460861206,1.6221059560775757,1.621839165687561,1.6216297149658203,1.6213611364364624,1.6210393905639648,1.6207640171051025,1.6205793619155884
"<Genome {'input_shape': (3, 32, 32), 'output_feature_depth': 10, 'genes': [<Gene {'node': <DepSepConvNode {'input_shapes': [(3, 32, 32)], '_DepSepConvNode__input_shape': (3, 32, 32), '_DepSepConvNode__output_feature_depth': 256, 'kernel_size': 3}>, 'input_indices': [-1], 'input_shapes': [(3, 32, 32)]}>, <Gene {'node': <AvgPoolNode {'input_shapes': [(3, 32, 32)]}>, 'input_indices': [-1], 'input_shapes': [(3, 32, 32)]}>, <Gene {'node': <AvgPoolNode {'input_shapes': [(256, 32, 32)]}>, 'input_indices': [0], 'input_shapes': [(256, 32, 32)]}>, <Gene {'node': <MaxPoolNode {'input_shapes': [(3, 16, 16)]}>, 'input_indices': [1], 'input_shapes': [(3, 16, 16)]}>, <Gene {'node': <MaxPoolNode {'input_shapes': [(256, 32, 32)]}>, 'input_indices': [0], 'input_shapes': [(256, 32, 32)]}>, <Gene {'node': <ConvNode {'input_shapes': [(256, 16, 16)], '_ConvNode__input_shape': (256, 16, 16), '_ConvNode__output_feature_depth': 64, 'kernel_size': 1}>, 'input_indices': [2], 'input_shapes': [(256, 16, 16)]}>, <Gene {'node': <CatNode {'input_shapes': [(256, 16, 16), (256, 16, 16)]}>, 'input_indices': [4, 2], 'input_shapes': [(256, 16, 16), (256, 16, 16)]}>, <Gene {'node': <MaxPoolNode {'input_shapes': [(64, 16, 16)]}>, 'input_indices': [5], 'input_shapes': [(64, 16, 16)]}>, <Gene {'node': <ConvNode {'input_shapes': [(256, 16, 16)], '_ConvNode__input_shape': (256, 16, 16), '_ConvNode__output_feature_depth': 32, 'kernel_size': 1}>, 'input_indices': [2], 'input_shapes': [(256, 16, 16)]}>, <Gene {'node': <ConvNode {'input_shapes': [(3, 8, 8)], '_ConvNode__input_shape': (3, 8, 8), '_ConvNode__output_feature_depth': 64, 'kernel_size': 1}>, 'input_indices': [3], 'input_shapes': [(3, 8, 8)]}>]}>",3.1394803524017334,1.9912065267562866,1.9395679235458374,1.8962191343307495,1.8618654012680054,1.8329755067825317,1.8076121807098389,1.7878140211105347,1.769094705581665,1.7516406774520874,1.7351672649383545,1.719883918762207,1.7042471170425415,1.6903040409088135,1.6747289896011353,1.6600761413574219,1.6434537172317505,1.628913402557373,1.6153335571289062,1.601340413093567,1.5897692441940308,1.5825086832046509,1.5725889205932617,1.563077449798584,1.5528953075408936,1.5436220169067383,1.5375092029571533,1.5298408269882202,1.5238533020019531,1.5177905559539795,1.5104073286056519,1.5030609369277954,1.4946513175964355,1.488966703414917,1.4822962284088135,1.4756661653518677,1.4677516222000122,1.4691877365112305,1.4584802389144897,1.4564297199249268,1.4485505819320679,1.4448044300079346,1.4343326091766357,1.4333572387695312,1.4239088296890259,1.4226579666137695,1.4137245416641235,1.4117143154144287,1.4037724733352661,1.4039149284362793,1.3930397033691406,1.394129753112793,1.3849903345108032,1.383803367614746,1.3767338991165161,1.3755507469177246,1.3702298402786255,1.3679630756378174,1.3610820770263672,1.3574111461639404,1.3542444705963135,1.3497967720031738,1.3451125621795654,1.3419692516326904,1.3350578546524048,1.3337163925170898,1.328823447227478,1.3291006088256836,1.321886420249939,1.320310115814209,1.3191862106323242,1.3172104358673096,1.3113319873809814,1.3107496500015259,1.3088606595993042,1.3047733306884766,1.3033721446990967,1.3021876811981201,1.3004858493804932,1.2960454225540161,1.2944799661636353,1.2925033569335938,1.2897090911865234,1.2927347421646118,1.2860896587371826,1.2851885557174683,1.2804293632507324,1.2790299654006958,1.277560830116272,1.272802472114563,1.2689216136932373,1.268349528312683,1.2645553350448608,1.2639286518096924,1.2541512250900269,1.2590982913970947,1.2547754049301147,1.25273597240448,1.2488962411880493,1.2496910095214844,1.2459863424301147,3.116370916366577,1.99382746219635,1.945449709892273,1.9034470319747925,1.8695873022079468,1.841354250907898,1.8177076578140259,1.798152208328247,1.7799654006958008,1.7623432874679565,1.7475299835205078,1.7343534231185913,1.7209614515304565,1.7108230590820312,1.7001030445098877,1.6914948225021362,1.6827166080474854,1.6753742694854736,1.6666597127914429,1.6593302488327026,1.651437759399414,1.6516844034194946,1.6430689096450806,1.6380592584609985,1.632560133934021,1.6276819705963135,1.6250876188278198,1.6204267740249634,1.6192359924316406,1.620194435119629,1.6148408651351929,1.6135715246200562,1.6079422235488892,1.607432246208191,1.6012195348739624,1.6000715494155884,1.598275899887085,1.6021541357040405,1.598121166229248,1.598915457725525,1.595990777015686,1.5935701131820679,1.5907114744186401,1.5875991582870483,1.582215666770935,1.5843795537948608,1.5817569494247437,1.5814844369888306,1.5778518915176392,1.5809924602508545,1.5758928060531616,1.5774494409561157,1.5722841024398804,1.5730866193771362,1.5710982084274292,1.5698426961898804,1.566172480583191,1.5671502351760864,1.562725305557251,1.5599052906036377,1.559655785560608,1.555446982383728,1.5540202856063843,1.5526585578918457,1.5481771230697632,1.5503474473953247,1.5472744703292847,1.5466727018356323,1.5428377389907837,1.541243314743042,1.5459221601486206,1.545212745666504,1.540216088294983,1.5398962497711182,1.5441856384277344,1.5429283380508423,1.543278694152832,1.545030951499939,1.5470519065856934,1.5416631698608398,1.5436700582504272,1.5423359870910645,1.54218327999115,1.5450669527053833,1.5452390909194946,1.5445836782455444,1.542127013206482,1.5430115461349487,1.5443377494812012,1.5430344343185425,1.5427173376083374,1.540517807006836,1.5409506559371948,1.5411944389343262,1.5366203784942627,1.5426639318466187,1.5401948690414429,1.5410046577453613,1.5381755828857422,1.54193913936615,1.541033387184143
"<Genome {'input_shape': (3, 32, 32), 'output_feature_depth': 10, 'genes': [<Gene {'node': <CatNode {'input_shapes': [(3, 32, 32), (3, 32, 32)]}>, 'input_indices': [-1, -1], 'input_shapes': [(3, 32, 32), (3, 32, 32)]}>, <Gene {'node': <CatNode {'input_shapes': [(3, 32, 32), (3, 32, 32)]}>, 'input_indices': [-1, -1], 'input_shapes': [(3, 32, 32), (3, 32, 32)]}>, <Gene {'node': <AvgPoolNode {'input_shapes': [(6, 3, 3)]}>, 'input_indices': [0], 'input_shapes': [(6, 3, 3)]}>, <Gene {'node': <SumNode {'input_shapes': [(6, 3, 3), (6, 3, 3)]}>, 'input_indices': [0, 1], 'input_shapes': [(6, 3, 3), (6, 3, 3)]}>, <Gene {'node': <AvgPoolNode {'input_shapes': [(3, 32, 32)]}>, 'input_indices': [-1], 'input_shapes': [(3, 32, 32)]}>, <Gene {'node': <MaxPoolNode {'input_shapes': [(6, 3, 3)]}>, 'input_indices': [0], 'input_shapes': [(6, 3, 3)]}>, <Gene {'node': <AvgPoolNode {'input_shapes': [(6, 1, 1)]}>, 'input_indices': [5], 'input_shapes': [(6, 1, 1)]}>, <Gene {'node': <AvgPoolNode {'input_shapes': [(3, 32, 32)]}>, 'input_indices': [-1], 'input_shapes': [(3, 32, 32)]}>, <Gene {'node': <DepSepConvNode {'input_shapes': [(6, 1, 1)], '_DepSepConvNode__input_shape': (6, 1, 1), '_DepSepConvNode__output_feature_depth': 64, 'kernel_size': 3}>, 'input_indices': [6], 'input_shapes': [(6, 1, 1)]}>, <Gene {'node': <CatNode {'input_shapes': [(3, 16, 16), (3, 32, 32)]}>, 'input_indices': [4, -1], 'input_shapes': [(3, 16, 16), (3, 32, 32)]}>]}>",2.719087839126587,2.2706961631774902,2.15397310256958,2.0822982788085938,2.0380055904388428,2.0076799392700195,1.9842464923858643,1.9655166864395142,1.949554681777954,1.9352611303329468,1.9225225448608398,1.9111448526382446,1.9008558988571167,1.8913757801055908,1.8824336528778076,1.873986840248108,1.8657630681991577,1.8578376770019531,1.8500570058822632,1.842405080795288,1.8350615501403809,1.8277842998504639,1.820747971534729,1.8138595819473267,1.8071718215942383,1.8007599115371704,1.794572353363037,1.7885701656341553,1.7828288078308105,1.777290940284729,1.7719535827636719,1.7669018507003784,1.7619973421096802,1.7571535110473633,1.7525746822357178,1.7481672763824463,1.74390709400177,1.7398701906204224,1.7359992265701294,1.7323062419891357,1.7286717891693115,1.7252233028411865,1.7219173908233643,1.7188036441802979,1.7157502174377441,1.7127482891082764,1.7100155353546143,1.707177996635437,1.704370141029358,1.7015447616577148,1.6987990140914917,1.6962214708328247,1.6937720775604248,1.6913989782333374,1.6890778541564941,1.6868647336959839,1.6846941709518433,1.6825569868087769,1.6804468631744385,1.678386926651001,1.676383376121521,1.6744141578674316,1.6725026369094849,1.6706246137619019,1.668731927871704,1.6668823957443237,1.665056586265564,1.6632534265518188,1.6614793539047241,1.6597012281417847,1.6579701900482178,1.6562522649765015,1.654571533203125,1.6529186964035034,1.6513069868087769,1.6496315002441406,1.6480885744094849,1.6465264558792114,1.645017147064209,1.6434601545333862,1.6419390439987183,1.6403727531433105,1.6388297080993652,1.6373631954193115,1.6359349489212036,1.6344696283340454,1.6330031156539917,1.6315855979919434,1.6300971508026123,1.628706693649292,1.6273590326309204,1.6261218786239624,1.6248067617416382,1.6235390901565552,1.6223170757293701,1.621044397354126,1.6198498010635376,1.6185942888259888,1.6173772811889648,1.6162333488464355,1.6151221990585327,2.6619346141815186,2.2501885890960693,2.137612819671631,2.0693652629852295,2.02706241607666,1.9983704090118408,1.97641122341156,1.959246039390564,1.9453849792480469,1.9333351850509644,1.9225857257843018,1.9132179021835327,1.9048618078231812,1.8972532749176025,1.8900890350341797,1.8834539651870728,1.8768821954727173,1.8705905675888062,1.8645015954971313,1.8582477569580078,1.8520586490631104,1.8459175825119019,1.8398351669311523,1.8337095975875854,1.827299952507019,1.821109414100647,1.8150570392608643,1.8092443943023682,1.803706407546997,1.798380732536316,1.7931369543075562,1.788235068321228,1.7836942672729492,1.7788795232772827,1.7744070291519165,1.770257592201233,1.766256332397461,1.762459397315979,1.7585947513580322,1.7550352811813354,1.7515300512313843,1.7482746839523315,1.74498450756073,1.741955041885376,1.7391172647476196,1.73629891872406,1.7338024377822876,1.7312328815460205,1.7286434173583984,1.7260507345199585,1.7236086130142212,1.7211252450942993,1.718644142150879,1.7163012027740479,1.7141188383102417,1.7120068073272705,1.7100270986557007,1.7080849409103394,1.7063074111938477,1.7046626806259155,1.7029917240142822,1.7013877630233765,1.6998348236083984,1.6984357833862305,1.6969225406646729,1.6955326795578003,1.6942733526229858,1.692988634109497,1.6917387247085571,1.6904661655426025,1.6892541646957397,1.6880165338516235,1.6868953704833984,1.6858854293823242,1.6849336624145508,1.683882713317871,1.6830326318740845,1.6820735931396484,1.681299090385437,1.6804465055465698,1.6796001195907593,1.6787147521972656,1.6778568029403687,1.6771010160446167,1.676433801651001,1.675706148147583,1.6751221418380737,1.67458975315094,1.673980712890625,1.673620581626892,1.6732406616210938,1.6728689670562744,1.6723202466964722,1.6717567443847656,1.6712201833724976,1.6704810857772827,1.6698249578475952,1.669192910194397,1.6686344146728516,1.6680748462677002,1.6675121784210205
"<Genome {'input_shape': (3, 32, 32), 'output_feature_depth': 10, 'genes': [<Gene {'node': <SumNode {'input_shapes': [(3, 32, 32), (3, 32, 32)]}>, 'input_indices': [-1, -1], 'input_shapes': [(3, 32, 32), (3, 32, 32)]}>, <Gene {'node': <MaxPoolNode {'input_shapes': [(3, 3, 3)]}>, 'input_indices': [0], 'input_shapes': [(3, 3, 3)]}>, <Gene {'node': <ConvNode {'input_shapes': [(3, 3, 3)], '_ConvNode__input_shape': (3, 3, 3), '_ConvNode__output_feature_depth': 64, 'kernel_size': 1}>, 'input_indices': [0], 'input_shapes': [(3, 3, 3)]}>, <Gene {'node': <CatNode {'input_shapes': [(3, 1, 1), (3, 1, 1)]}>, 'input_indices': [1, 1], 'input_shapes': [(3, 1, 1), (3, 1, 1)]}>, <Gene {'node': <SumNode {'input_shapes': [(3, 32, 32), (6, 3, 3)]}>, 'input_indices': [-1, 3], 'input_shapes': [(3, 32, 32), (6, 3, 3)]}>, <Gene {'node': <CatNode {'input_shapes': [(3, 1, 1), (64, 3, 3)]}>, 'input_indices': [1, 2], 'input_shapes': [(3, 1, 1), (64, 3, 3)]}>, <Gene {'node': <ConvNode {'input_shapes': [(67, 64, 64)], '_ConvNode__input_shape': (67, 64, 64), '_ConvNode__output_feature_depth': 64, 'kernel_size': 1}>, 'input_indices': [5], 'input_shapes': [(67, 64, 64)]}>, <Gene {'node': <SumNode {'input_shapes': [(6, 6, 6), (3, 32, 32)]}>, 'input_indices': [4, -1], 'input_shapes': [(6, 6, 6), (3, 32, 32)]}>, <Gene {'node': <MaxPoolNode {'input_shapes': [(67, 64, 64)]}>, 'input_indices': [5], 'input_shapes': [(67, 64, 64)]}>, <Gene {'node': <MaxPoolNode {'input_shapes': [(64, 64, 64)]}>, 'input_indices': [6], 'input_shapes': [(64, 64, 64)]}>]}>",3.3071374893188477,2.0476114749908447,1.9811586141586304,1.946792483329773,1.923784613609314,1.9066522121429443,1.891538143157959,1.8787161111831665,1.8677656650543213,1.8579671382904053,1.8487693071365356,1.8395329713821411,1.8312264680862427,1.823087215423584,1.815032958984375,1.808201789855957,1.8012117147445679,1.7944462299346924,1.787058711051941,1.7807780504226685,1.7753270864486694,1.7694693803787231,1.763702154159546,1.7567435503005981,1.7536518573760986,1.7478580474853516,1.7439924478530884,1.7389007806777954,1.7336466312408447,1.732008457183838,1.7249284982681274,1.7212855815887451,1.7162210941314697,1.7139369249343872,1.7089622020721436,1.706217885017395,1.7014042139053345,1.698474645614624,1.6939290761947632,1.6902048587799072,1.6863220930099487,1.6832407712936401,1.6800628900527954,1.6761434078216553,1.6732113361358643,1.6692695617675781,1.6677483320236206,1.664206862449646,1.661708950996399,1.6580443382263184,1.6566474437713623,1.6526600122451782,1.6494975090026855,1.6466929912567139,1.643839716911316,1.6431699991226196,1.6404558420181274,1.6375715732574463,1.6357110738754272,1.6324690580368042,1.6311547756195068,1.6288676261901855,1.6262507438659668,1.625733494758606,1.6220893859863281,1.6195684671401978,1.6165918111801147,1.614585518836975,1.6150553226470947,1.6132392883300781,1.6097773313522339,1.6075280904769897,1.6067475080490112,1.6060686111450195,1.6028436422348022,1.6016278266906738,1.6021578311920166,1.599570631980896,1.5977039337158203,1.5961300134658813,1.594525694847107,1.5918203592300415,1.5916310548782349,1.5888525247573853,1.5875951051712036,1.5863292217254639,1.5861871242523193,1.5840702056884766,1.5828068256378174,1.581316351890564,1.5806573629379272,1.5796918869018555,1.5800542831420898,1.579146385192871,1.5798908472061157,1.577000617980957,1.5756527185440063,1.575040340423584,1.5748569965362549,1.5734443664550781,1.571630597114563,3.2961716651916504,2.0443382263183594,1.9754374027252197,1.9440582990646362,1.9244168996810913,1.9089335203170776,1.8963940143585205,1.8858956098556519,1.8763229846954346,1.86764395236969,1.8607958555221558,1.8535680770874023,1.8474830389022827,1.8415203094482422,1.8362454175949097,1.832004189491272,1.8278028964996338,1.8222267627716064,1.8163824081420898,1.8117361068725586,1.8067429065704346,1.8019393682479858,1.7986770868301392,1.794754981994629,1.7915010452270508,1.7881513833999634,1.7856788635253906,1.782718300819397,1.7794544696807861,1.7773962020874023,1.775560975074768,1.772436499595642,1.7711584568023682,1.769368052482605,1.767316460609436,1.7661136388778687,1.7643431425094604,1.762844443321228,1.7638453245162964,1.7582939863204956,1.7599401473999023,1.756778597831726,1.7555115222930908,1.7532538175582886,1.7516847848892212,1.7484018802642822,1.7470253705978394,1.745909571647644,1.7461254596710205,1.7417051792144775,1.7418895959854126,1.7411507368087769,1.7390028238296509,1.7383012771606445,1.7403610944747925,1.7383438348770142,1.735554575920105,1.7360130548477173,1.7357311248779297,1.737303614616394,1.7331005334854126,1.736566424369812,1.7334976196289062,1.7368478775024414,1.7328990697860718,1.7339727878570557,1.733962893486023,1.732155442237854,1.7359809875488281,1.7357205152511597,1.7327994108200073,1.733231782913208,1.7345598936080933,1.7360172271728516,1.7362736463546753,1.73312509059906,1.737036943435669,1.7342941761016846,1.7351009845733643,1.7340081930160522,1.7334158420562744,1.730446696281433,1.7339619398117065,1.7301368713378906,1.733488917350769,1.7321341037750244,1.7358912229537964,1.737015724182129,1.7350714206695557,1.737413763999939,1.7387917041778564,1.7405176162719727,1.7427374124526978,1.7460464239120483,1.7475866079330444,1.7460163831710815,1.7469894886016846,1.7478078603744507,1.749374270439148,1.7481275796890259,1.7481087446212769
"<Genome {'input_shape': (3, 32, 32), 'output_feature_depth': 10, 'genes': [<Gene {'node': <MaxPoolNode {'input_shapes': [(3, 32, 32)]}>, 'input_indices': [-1], 'input_shapes': [(3, 32, 32)]}>, <Gene {'node': <DepSepConvNode {'input_shapes': [(3, 32, 32)], '_DepSepConvNode__input_shape': (3, 32, 32), '_DepSepConvNode__output_feature_depth': 256, 'kernel_size': 3}>, 'input_indices': [-1], 'input_shapes': [(3, 32, 32)]}>, <Gene {'node': <DepSepConvNode {'input_shapes': [(3, 32, 32)], '_DepSepConvNode__input_shape': (3, 32, 32), '_DepSepConvNode__output_feature_depth': 128, 'kernel_size': 3}>, 'input_indices': [-1], 'input_shapes': [(3, 32, 32)]}>, <Gene {'node': <DepSepConvNode {'input_shapes': [(256, 32, 32)], '_DepSepConvNode__input_shape': (256, 32, 32), '_DepSepConvNode__output_feature_depth': 32, 'kernel_size': 5}>, 'input_indices': [1], 'input_shapes': [(256, 32, 32)]}>, <Gene {'node': <DepSepConvNode {'input_shapes': [(3, 32, 32)], '_DepSepConvNode__input_shape': (3, 32, 32), '_DepSepConvNode__output_feature_depth': 32, 'kernel_size': 5}>, 'input_indices': [-1], 'input_shapes': [(3, 32, 32)]}>, <Gene {'node': <AvgPoolNode {'input_shapes': [(3, 16, 16)]}>, 'input_indices': [0], 'input_shapes': [(3, 16, 16)]}>, <Gene {'node': <DepSepConvNode {'input_shapes': [(128, 32, 32)], '_DepSepConvNode__input_shape': (128, 32, 32), '_DepSepConvNode__output_feature_depth': 256, 'kernel_size': 5}>, 'input_indices': [2], 'input_shapes': [(128, 32, 32)]}>, <Gene {'node': <AvgPoolNode {'input_shapes': [(32, 32, 32)]}>, 'input_indices': [3], 'input_shapes': [(32, 32, 32)]}>, <Gene {'node': <MaxPoolNode {'input_shapes': [(32, 32, 32)]}>, 'input_indices': [3], 'input_shapes': [(32, 32, 32)]}>, <Gene {'node': <MaxPoolNode {'input_shapes': [(3, 16, 16)]}>, 'input_indices': [0], 'input_shapes': [(3, 16, 16)]}>]}>",3.287688970565796,1.7815437316894531,1.6719805002212524,1.5955560207366943,1.5354114770889282,1.4846537113189697,1.4402333498001099,1.4012112617492676,1.3676683902740479,1.3373931646347046,1.3094781637191772,1.2824653387069702,1.2554939985275269,1.230616569519043,1.2058424949645996,1.181834101676941,1.1582489013671875,1.1359554529190063,1.113716959953308,1.0929774045944214,1.0717062950134277,1.0515488386154175,1.031029224395752,1.011397361755371,0.9929947257041931,0.9749376177787781,0.9572664499282837,0.9396993517875671,0.9220806956291199,0.9045041799545288,0.8891525268554688,0.8709899187088013,0.8539488911628723,0.8376405835151672,0.8202347755432129,0.8042652606964111,0.7865792512893677,0.7716953754425049,0.7555980682373047,0.7417383193969727,0.7293873429298401,0.713231086730957,0.6977657079696655,0.6819112300872803,0.6680152416229248,0.6523647308349609,0.6393823623657227,0.6257818341255188,0.6131408214569092,0.5993116497993469,0.5869555473327637,0.5738586783409119,0.5590031147003174,0.5461163520812988,0.5319051742553711,0.5195331573486328,0.5073244571685791,0.49449267983436584,0.48232996463775635,0.4723191261291504,0.45927590131759644,0.4477623403072357,0.4349035620689392,0.42191603779792786,0.410452276468277,0.39944636821746826,0.38744816184043884,0.377753883600235,0.36980506777763367,0.35977011919021606,0.35044974088668823,0.341531366109848,0.33193469047546387,0.32396578788757324,0.31735551357269287,0.30726349353790283,0.2992793321609497,0.28987938165664673,0.2816985845565796,0.274573415517807,0.2682448625564575,0.2634631395339966,0.2566676139831543,0.25261783599853516,0.24475990235805511,0.23865410685539246,0.23534879088401794,0.23359708487987518,0.23123855888843536,0.23055821657180786,0.22721488773822784,0.22078172862529755,0.21375428140163422,0.20674404501914978,0.19818371534347534,0.19016461074352264,0.18460306525230408,0.18078753352165222,0.17521698772907257,0.1721249669790268,0.16849671304225922,3.2266247272491455,1.779547929763794,1.680619478225708,1.618481993675232,1.5722421407699585,1.53582763671875,1.5059928894042969,1.4814876317977905,1.4618209600448608,1.4440826177597046,1.428109049797058,1.4127237796783447,1.3973578214645386,1.383621096611023,1.369701623916626,1.3563746213912964,1.3436030149459839,1.333025336265564,1.3224470615386963,1.3123162984848022,1.3023501634597778,1.2930166721343994,1.2841728925704956,1.2765001058578491,1.2703845500946045,1.2633589506149292,1.2565184831619263,1.250664472579956,1.244871735572815,1.239474892616272,1.2365368604660034,1.232613444328308,1.229843020439148,1.228002667427063,1.2259016036987305,1.2261908054351807,1.2237259149551392,1.2254645824432373,1.2260065078735352,1.2293938398361206,1.2345765829086304,1.234439730644226,1.2367151975631714,1.2354353666305542,1.2399675846099854,1.242674708366394,1.2484992742538452,1.2523554563522339,1.258223533630371,1.263802409172058,1.2692140340805054,1.2765454053878784,1.2810571193695068,1.2841746807098389,1.2882667779922485,1.297629714012146,1.3042107820510864,1.3120473623275757,1.3179272413253784,1.3271567821502686,1.3323506116867065,1.339450716972351,1.3457932472229004,1.3530864715576172,1.3623899221420288,1.369444489479065,1.3811267614364624,1.391903281211853,1.4056522846221924,1.4145265817642212,1.4255640506744385,1.4386725425720215,1.4488004446029663,1.4589070081710815,1.4723268747329712,1.4793224334716797,1.4899758100509644,1.4976441860198975,1.5091928243637085,1.523181438446045,1.5368001461029053,1.5493693351745605,1.5631712675094604,1.5757211446762085,1.586887001991272,1.6000902652740479,1.6233329772949219,1.6531533002853394,1.6748217344284058,1.7036924362182617,1.7205556631088257,1.7368682622909546,1.7450504302978516,1.753673791885376,1.7582744359970093,1.76463782787323,1.778489351272583,1.7968698740005493,1.809709906578064,1.8266375064849854,1.8580121994018555
"<Genome {'input_shape': (3, 32, 32), 'output_feature_depth': 10, 'genes': [<Gene {'node': <CatNode {'input_shapes': [(3, 32, 32), (3, 32, 32)]}>, 'input_indices': [-1, -1], 'input_shapes': [(3, 32, 32), (3, 32, 32)]}>, <Gene {'node': <CatNode {'input_shapes': [(6, 3, 3), (3, 32, 32)]}>, 'input_indices': [0, -1], 'input_shapes': [(6, 3, 3), (3, 32, 32)]}>, <Gene {'node': <CatNode {'input_shapes': [(6, 3, 3), (6, 3, 3)]}>, 'input_indices': [0, 0], 'input_shapes': [(6, 3, 3), (6, 3, 3)]}>, <Gene {'node': <SumNode {'input_shapes': [(6, 3, 3), (12, 6, 6)]}>, 'input_indices': [0, 2], 'input_shapes': [(6, 3, 3), (12, 6, 6)]}>, <Gene {'node': <MaxPoolNode {'input_shapes': [(6, 3, 3)]}>, 'input_indices': [0], 'input_shapes': [(6, 3, 3)]}>, <Gene {'node': <MaxPoolNode {'input_shapes': [(3, 32, 32)]}>, 'input_indices': [-1], 'input_shapes': [(3, 32, 32)]}>, <Gene {'node': <AvgPoolNode {'input_shapes': [(6, 1, 1)]}>, 'input_indices': [4], 'input_shapes': [(6, 1, 1)]}>, <Gene {'node': <SumNode {'input_shapes': [(3, 16, 16), (6, 1, 1)]}>, 'input_indices': [5, 4], 'input_shapes': [(3, 16, 16), (6, 1, 1)]}>, <Gene {'node': <SumNode {'input_shapes': [(12, 6, 6), (3, 16, 16)]}>, 'input_indices': [2, 5], 'input_shapes': [(12, 6, 6), (3, 16, 16)]}>, <Gene {'node': <CatNode {'input_shapes': [(12, 12, 12), (12, 12, 12)]}>, 'input_indices': [3, 3], 'input_shapes': [(12, 12, 12), (12, 12, 12)]}>]}>",3.5405561923980713,2.4108712673187256,2.2162046432495117,2.1797637939453125,2.159135580062866,2.1437642574310303,2.1309590339660645,2.119908094406128,2.1102969646453857,2.1019511222839355,2.0947365760803223,2.0885322093963623,2.083224058151245,2.0787017345428467,2.0748627185821533,2.071610927581787,2.0688605308532715,2.0665323734283447,2.0645604133605957,2.0628838539123535,2.061452627182007,2.060223340988159,2.0591604709625244,2.0582361221313477,2.057424545288086,2.0567073822021484,2.0560669898986816,2.0554919242858887,2.0549702644348145,2.0544936656951904,2.05405592918396,2.0536506175994873,2.0532729625701904,2.052919626235962,2.0525856018066406,2.052269697189331,2.051969051361084,2.0516819953918457,2.0514070987701416,2.0511422157287598,2.0508859157562256,2.050638198852539,2.050396680831909,2.050161838531494,2.0499320030212402,2.0497076511383057,2.0494883060455322,2.049272060394287,2.0490598678588867,2.0488502979278564,2.0486443042755127,2.04844069480896,2.0482394695281982,2.0480406284332275,2.0478436946868896,2.0476484298706055,2.0474541187286377,2.0472629070281982,2.047072649002075,2.0468831062316895,2.04669451713562,2.0465075969696045,2.0463225841522217,2.046137809753418,2.0459537506103516,2.0457708835601807,2.045588970184326,2.045407772064209,2.0452263355255127,2.0450477600097656,2.044868230819702,2.044689893722534,2.0445117950439453,2.044334888458252,2.0441582202911377,2.0439822673797607,2.043807029724121,2.0436315536499023,2.0434579849243164,2.0432841777801514,2.0431103706359863,2.042937994003296,2.0427653789520264,2.0425937175750732,2.04242205619812,2.0422513484954834,2.042081117630005,2.0419106483459473,2.041741371154785,2.041571855545044,2.04140305519104,2.0412344932556152,2.0410666465759277,2.0408992767333984,2.0407321453094482,2.0405654907226562,2.0403997898101807,2.0402331352233887,2.040067672729492,2.039902687072754,2.0397374629974365,3.4211747646331787,2.3471362590789795,2.1897244453430176,2.1567323207855225,2.1358134746551514,2.1192824840545654,2.105092763900757,2.092684030532837,2.0818428993225098,2.0724294185638428,2.0643150806427,2.0573718547821045,2.0514676570892334,2.0464723110198975,2.0422606468200684,2.0387158393859863,2.035733461380005,2.033219575881958,2.0310943126678467,2.0292880535125732,2.027743101119995,2.0264110565185547,2.0252530574798584,2.0242366790771484,2.023336172103882,2.0225319862365723,2.021806240081787,2.021146297454834,2.0205419063568115,2.0199835300445557,2.019465208053589,2.0189807415008545,2.0185258388519287,2.018096446990967,2.0176889896392822,2.017301559448242,2.0169312953948975,2.016575574874878,2.0162341594696045,2.015904426574707,2.0155861377716064,2.015277147293091,2.014977216720581,2.0146851539611816,2.0144004821777344,2.014122247695923,2.013849973678589,2.013583183288574,2.0133211612701416,2.01306414604187,2.0128109455108643,2.0125620365142822,2.0123164653778076,2.0120747089385986,2.011835813522339,2.0115997791290283,2.011366367340088,2.0111355781555176,2.010906934738159,2.010680913925171,2.0104570388793945,2.010234832763672,2.010014772415161,2.009796619415283,2.009579658508301,2.009364604949951,2.0091512203216553,2.008939027786255,2.008728504180908,2.008519172668457,2.0083110332489014,2.0081045627593994,2.007899045944214,2.007694959640503,2.0074918270111084,2.0072896480560303,2.0070886611938477,2.0068883895874023,2.0066897869110107,2.0064914226531982,2.0062942504882812,2.0060980319976807,2.0059027671813965,2.0057082176208496,2.00551438331604,2.005321979522705,2.005129814147949,2.0049386024475098,2.0047481060028076,2.0045583248138428,2.0043694972991943,2.004180908203125,2.003993511199951,2.0038068294525146,2.003620147705078,2.003434419631958,2.0032498836517334,2.003065586090088,2.0028820037841797,2.0026988983154297,2.002516269683838
"<Genome {'input_shape': (3, 32, 32), 'output_feature_depth': 10, 'genes': [<Gene {'node': <MaxPoolNode {'input_shapes': [(3, 32, 32)]}>, 'input_indices': [-1], 'input_shapes': [(3, 32, 32)]}>, <Gene {'node': <CatNode {'input_shapes': [(3, 32, 32), (3, 32, 32)]}>, 'input_indices': [-1, -1], 'input_shapes': [(3, 32, 32), (3, 32, 32)]}>, <Gene {'node': <AvgPoolNode {'input_shapes': [(3, 16, 16)]}>, 'input_indices': [0], 'input_shapes': [(3, 16, 16)]}>, <Gene {'node': <AvgPoolNode {'input_shapes': [(3, 32, 32)]}>, 'input_indices': [-1], 'input_shapes': [(3, 32, 32)]}>, <Gene {'node': <CatNode {'input_shapes': [(6, 3, 3), (3, 32, 32)]}>, 'input_indices': [1, -1], 'input_shapes': [(6, 3, 3), (3, 32, 32)]}>, <Gene {'node': <DepSepConvNode {'input_shapes': [(3, 16, 16)], '_DepSepConvNode__input_shape': (3, 16, 16), '_DepSepConvNode__output_feature_depth': 128, 'kernel_size': 3}>, 'input_indices': [3], 'input_shapes': [(3, 16, 16)]}>, <Gene {'node': <CatNode {'input_shapes': [(3, 8, 8), (3, 16, 16)]}>, 'input_indices': [2, 0], 'input_shapes': [(3, 8, 8), (3, 16, 16)]}>, <Gene {'node': <ConvNode {'input_shapes': [(3, 16, 16)], '_ConvNode__input_shape': (3, 16, 16), '_ConvNode__output_feature_depth': 128, 'kernel_size': 1}>, 'input_indices': [3], 'input_shapes': [(3, 16, 16)]}>, <Gene {'node': <SumNode {'input_shapes': [(3, 16, 16), (6, 3, 3)]}>, 'input_indices': [0, 6], 'input_shapes': [(3, 16, 16), (6, 3, 3)]}>, <Gene {'node': <MaxPoolNode {'input_shapes': [(9, 6, 6)]}>, 'input_indices': [4], 'input_shapes': [(9, 6, 6)]}>]}>",5.339082717895508,2.0481936931610107,1.9920581579208374,1.9642778635025024,1.9415515661239624,1.92041015625,1.8991550207138062,1.8784202337265015,1.8579350709915161,1.8383220434188843,1.8196158409118652,1.8016544580459595,1.7844948768615723,1.7684128284454346,1.7536444664001465,1.7400550842285156,1.7278404235839844,1.7168605327606201,1.7072372436523438,1.6984413862228394,1.690568447113037,1.6835767030715942,1.6773651838302612,1.6716997623443604,1.6664179563522339,1.6615699529647827,1.6572896242141724,1.653210163116455,1.6495546102523804,1.6461875438690186,1.6430450677871704,1.6400755643844604,1.6371108293533325,1.6343036890029907,1.6315752267837524,1.6287813186645508,1.6259647607803345,1.623509407043457,1.6209845542907715,1.6186912059783936,1.616065502166748,1.6137604713439941,1.6115646362304688,1.6094218492507935,1.6072299480438232,1.6051658391952515,1.603137731552124,1.6011552810668945,1.5991448163986206,1.5972591638565063,1.5953660011291504,1.5935026407241821,1.5916763544082642,1.5898971557617188,1.5882765054702759,1.586604356765747,1.5849531888961792,1.5833606719970703,1.5818945169448853,1.5804134607315063,1.5788859128952026,1.5775477886199951,1.5760385990142822,1.574570894241333,1.5731191635131836,1.5717687606811523,1.5704861879348755,1.5692110061645508,1.5679917335510254,1.5668017864227295,1.5656383037567139,1.564491868019104,1.5633304119110107,1.5621381998062134,1.5610064268112183,1.559924840927124,1.5588278770446777,1.5577338933944702,1.5567212104797363,1.5556408166885376,1.5546584129333496,1.5535892248153687,1.5526707172393799,1.5516430139541626,1.5506556034088135,1.5497511625289917,1.5487701892852783,1.5478216409683228,1.5468577146530151,1.5459321737289429,1.5450359582901,1.5441324710845947,1.5432244539260864,1.5424121618270874,1.5415431261062622,1.5406931638717651,1.539832592010498,1.5390076637268066,1.5381428003311157,1.5374315977096558,1.5366026163101196,5.061048984527588,2.0193278789520264,1.9706732034683228,1.9488060474395752,1.929451584815979,1.910839319229126,1.8920093774795532,1.8733583688735962,1.8543531894683838,1.8352755308151245,1.816640853881836,1.798120379447937,1.7805012464523315,1.7640094757080078,1.7488914728164673,1.7352110147476196,1.7233833074569702,1.713138461112976,1.7040668725967407,1.6968647241592407,1.6911954879760742,1.6861542463302612,1.6818851232528687,1.678422212600708,1.6756361722946167,1.6734631061553955,1.6713184118270874,1.6702324151992798,1.6686474084854126,1.6672788858413696,1.6660887002944946,1.665077805519104,1.6637810468673706,1.6629120111465454,1.661838173866272,1.6607226133346558,1.659824013710022,1.6585859060287476,1.6576651334762573,1.6564292907714844,1.6555238962173462,1.6545671224594116,1.6539427042007446,1.6531823873519897,1.652579665184021,1.6518720388412476,1.6513051986694336,1.6508852243423462,1.6503574848175049,1.6500647068023682,1.6494331359863281,1.6490061283111572,1.6489057540893555,1.6486459970474243,1.648633599281311,1.6483125686645508,1.648196816444397,1.6479533910751343,1.6481508016586304,1.6479634046554565,1.6476175785064697,1.6475681066513062,1.6473745107650757,1.646892786026001,1.646310806274414,1.6456193923950195,1.6453148126602173,1.6449159383773804,1.64470636844635,1.644386887550354,1.644171953201294,1.6439787149429321,1.6435383558273315,1.6431976556777954,1.6430076360702515,1.642703652381897,1.6423498392105103,1.6419954299926758,1.6415027379989624,1.6410325765609741,1.6407041549682617,1.6403969526290894,1.6401538848876953,1.6397522687911987,1.639383316040039,1.6391162872314453,1.638789176940918,1.6384308338165283,1.6382410526275635,1.6378294229507446,1.6378118991851807,1.6376014947891235,1.6374367475509644,1.637213945388794,1.6367721557617188,1.63644278049469,1.6361092329025269,1.6357258558273315,1.6353880167007446,1.6352853775024414,1.634912133216858
"<Genome {'input_shape': (3, 32, 32), 'output_feature_depth': 10, 'genes': [<Gene {'node': <DepSepConvNode {'input_shapes': [(3, 32, 32)], '_DepSepConvNode__input_shape': (3, 32, 32), '_DepSepConvNode__output_feature_depth': 64, 'kernel_size': 5}>, 'input_indices': [-1], 'input_shapes': [(3, 32, 32)]}>, <Gene {'node': <AvgPoolNode {'input_shapes': [(3, 32, 32)]}>, 'input_indices': [-1], 'input_shapes': [(3, 32, 32)]}>, <Gene {'node': <CatNode {'input_shapes': [(64, 32, 32), (64, 32, 32)]}>, 'input_indices': [0, 0], 'input_shapes': [(64, 32, 32), (64, 32, 32)]}>, <Gene {'node': <AvgPoolNode {'input_shapes': [(64, 32, 32)]}>, 'input_indices': [0], 'input_shapes': [(64, 32, 32)]}>, <Gene {'node': <DepSepConvNode {'input_shapes': [(64, 32, 32)], '_DepSepConvNode__input_shape': (64, 32, 32), '_DepSepConvNode__output_feature_depth': 32, 'kernel_size': 5}>, 'input_indices': [0], 'input_shapes': [(64, 32, 32)]}>, <Gene {'node': <AvgPoolNode {'input_shapes': [(3, 32, 32)]}>, 'input_indices': [-1], 'input_shapes': [(3, 32, 32)]}>, <Gene {'node': <DepSepConvNode {'input_shapes': [(64, 32, 32)], '_DepSepConvNode__input_shape': (64, 32, 32), '_DepSepConvNode__output_feature_depth': 128, 'kernel_size': 5}>, 'input_indices': [0], 'input_shapes': [(64, 32, 32)]}>, <Gene {'node': <ConvNode {'input_shapes': [(64, 32, 32)], '_ConvNode__input_shape': (64, 32, 32), '_ConvNode__output_feature_depth': 128, 'kernel_size': 1}>, 'input_indices': [0], 'input_shapes': [(64, 32, 32)]}>, <Gene {'node': <ConvNode {'input_shapes': [(128, 64, 64)], '_ConvNode__input_shape': (128, 64, 64), '_ConvNode__output_feature_depth': 128, 'kernel_size': 3}>, 'input_indices': [2], 'input_shapes': [(128, 64, 64)]}>, <Gene {'node': <AvgPoolNode {'input_shapes': [(32, 32, 32)]}>, 'input_indices': [4], 'input_shapes': [(32, 32, 32)]}>]}>",7.064560413360596,1.8190559148788452,1.7235628366470337,1.662422776222229,1.615415096282959,1.5761454105377197,1.5442161560058594,1.5153837203979492,1.4864968061447144,1.4584041833877563,1.429551362991333,1.4018971920013428,1.3747256994247437,1.3513597249984741,1.32962965965271,1.3101589679718018,1.2925053834915161,1.2741082906723022,1.2557096481323242,1.2390127182006836,1.2221670150756836,1.2038301229476929,1.1860095262527466,1.1686347723007202,1.1528865098953247,1.1358203887939453,1.123178482055664,1.1100419759750366,1.095383882522583,1.0813204050064087,1.0677770376205444,1.0536397695541382,1.038404941558838,1.0219104290008545,1.010164737701416,0.9939258098602295,0.9785959124565125,0.965053915977478,0.9509716629981995,0.9350295662879944,0.9218975901603699,0.9081140756607056,0.8930031657218933,0.8785247802734375,0.8665481209754944,0.8494647145271301,0.8336307406425476,0.8179304599761963,0.8026492595672607,0.7901599407196045,0.7757973670959473,0.7626047134399414,0.7506847381591797,0.7383015155792236,0.7277913689613342,0.716182291507721,0.7063230276107788,0.6936951875686646,0.6836050152778625,0.6739102602005005,0.6573066711425781,0.640398383140564,0.6263360381126404,0.6153533458709717,0.6043222546577454,0.5969749689102173,0.5837538242340088,0.5713832378387451,0.562351644039154,0.5541151762008667,0.5467149019241333,0.5442004799842834,0.5402752757072449,0.5449238419532776,0.5588251352310181,0.5786899328231812,0.5935115814208984,0.5908679962158203,0.5897120833396912,0.5935488939285278,0.5938712954521179,0.5791410207748413,0.5680764317512512,0.5509585738182068,0.5279661417007446,0.500183641910553,0.47789156436920166,0.45801544189453125,0.44233205914497375,0.4237724840641022,0.40620529651641846,0.3902369737625122,0.37292078137397766,0.35570192337036133,0.33903568983078003,0.32553622126579285,0.3139725625514984,0.2994140386581421,0.2873329520225525,0.2739613652229309,0.26032233238220215,6.974178314208984,1.7858097553253174,1.69921875,1.6486223936080933,1.6115808486938477,1.5811084508895874,1.5565265417099,1.5355223417282104,1.5144116878509521,1.4943565130233765,1.4738374948501587,1.4545058012008667,1.4373149871826172,1.4243158102035522,1.4116419553756714,1.40115225315094,1.3927977085113525,1.3825726509094238,1.3735171556472778,1.3665382862091064,1.3591750860214233,1.3506848812103271,1.343726634979248,1.338233232498169,1.3314708471298218,1.3231061697006226,1.3199028968811035,1.3164643049240112,1.311426043510437,1.3091764450073242,1.3056213855743408,1.3036915063858032,1.2985743284225464,1.2935097217559814,1.2928634881973267,1.2880252599716187,1.2836397886276245,1.2818968296051025,1.279491662979126,1.2746256589889526,1.2741941213607788,1.2738889455795288,1.2714804410934448,1.270972728729248,1.2729281187057495,1.267154574394226,1.2663010358810425,1.2652099132537842,1.2652868032455444,1.2669962644577026,1.2653440237045288,1.2675288915634155,1.2702189683914185,1.2709722518920898,1.2731577157974243,1.2767151594161987,1.2839199304580688,1.2890328168869019,1.294788122177124,1.3014520406723022,1.3021138906478882,1.3024786710739136,1.3057000637054443,1.3105744123458862,1.3149298429489136,1.3221898078918457,1.3246389627456665,1.3316673040390015,1.3394545316696167,1.3534590005874634,1.3638460636138916,1.3795537948608398,1.3937596082687378,1.41441011428833,1.4465328454971313,1.4851276874542236,1.5114545822143555,1.5256402492523193,1.5368167161941528,1.5548932552337646,1.569707989692688,1.566051959991455,1.5735552310943604,1.5756499767303467,1.567160725593567,1.5518697500228882,1.548224925994873,1.548561453819275,1.5456600189208984,1.5459123849868774,1.5454294681549072,1.5486390590667725,1.5537846088409424,1.5496433973312378,1.5503491163253784,1.5556353330612183,1.559826135635376,1.563856840133667,1.571830153465271,1.5761030912399292,1.577886939048767
"<Genome {'input_shape': (3, 32, 32), 'output_feature_depth': 10, 'genes': [<Gene {'node': <AvgPoolNode {'input_shapes': [(3, 32, 32)]}>, 'input_indices': [-1], 'input_shapes': [(3, 32, 32)]}>, <Gene {'node': <CatNode {'input_shapes': [(3, 32, 32), (3, 32, 32)]}>, 'input_indices': [-1, -1], 'input_shapes': [(3, 32, 32), (3, 32, 32)]}>, <Gene {'node': <DepSepConvNode {'input_shapes': [(3, 16, 16)], '_DepSepConvNode__input_shape': (3, 16, 16), '_DepSepConvNode__output_feature_depth': 128, 'kernel_size': 5}>, 'input_indices': [0], 'input_shapes': [(3, 16, 16)]}>, <Gene {'node': <ConvNode {'input_shapes': [(3, 32, 32)], '_ConvNode__input_shape': (3, 32, 32), '_ConvNode__output_feature_depth': 32, 'kernel_size': 3}>, 'input_indices': [-1], 'input_shapes': [(3, 32, 32)]}>, <Gene {'node': <DepSepConvNode {'input_shapes': [(128, 16, 16)], '_DepSepConvNode__input_shape': (128, 16, 16), '_DepSepConvNode__output_feature_depth': 64, 'kernel_size': 3}>, 'input_indices': [2], 'input_shapes': [(128, 16, 16)]}>, <Gene {'node': <ConvNode {'input_shapes': [(3, 32, 32)], '_ConvNode__input_shape': (3, 32, 32), '_ConvNode__output_feature_depth': 256, 'kernel_size': 1}>, 'input_indices': [-1], 'input_shapes': [(3, 32, 32)]}>, <Gene {'node': <AvgPoolNode {'input_shapes': [(6, 3, 3)]}>, 'input_indices': [1], 'input_shapes': [(6, 3, 3)]}>, <Gene {'node': <ConvNode {'input_shapes': [(3, 16, 16)], '_ConvNode__input_shape': (3, 16, 16), '_ConvNode__output_feature_depth': 256, 'kernel_size': 1}>, 'input_indices': [0], 'input_shapes': [(3, 16, 16)]}>, <Gene {'node': <DepSepConvNode {'input_shapes': [(3, 32, 32)], '_DepSepConvNode__input_shape': (3, 32, 32), '_DepSepConvNode__output_feature_depth': 128, 'kernel_size': 5}>, 'input_indices': [-1], 'input_shapes': [(3, 32, 32)]}>, <Gene {'node': <ConvNode {'input_shapes': [(256, 16, 16)], '_ConvNode__input_shape': (256, 16, 16), '_ConvNode__output_feature_depth': 64, 'kernel_size': 1}>, 'input_indices': [7], 'input_shapes': [(256, 16, 16)]}>]}>",3.475982427597046,1.9323725700378418,1.851859211921692,1.7963124513626099,1.7515313625335693,1.7092540264129639,1.675634503364563,1.6499873399734497,1.628520131111145,1.6108689308166504,1.5964264869689941,1.5813926458358765,1.568977952003479,1.5571657419204712,1.5443822145462036,1.534156322479248,1.5256860256195068,1.5138059854507446,1.5038020610809326,1.4963587522506714,1.4858418703079224,1.4773401021957397,1.4682949781417847,1.4595407247543335,1.449628233909607,1.4404654502868652,1.4359418153762817,1.4247230291366577,1.4160875082015991,1.4074318408966064,1.400221347808838,1.3916740417480469,1.3827570676803589,1.374452829360962,1.366260051727295,1.3585504293441772,1.3513517379760742,1.343695044517517,1.337011694908142,1.329002857208252,1.3225902318954468,1.315834879875183,1.3105818033218384,1.302916407585144,1.2960443496704102,1.2910150289535522,1.2825875282287598,1.277793288230896,1.2719485759735107,1.2654839754104614,1.2590371370315552,1.2526025772094727,1.250510573387146,1.2428547143936157,1.2410123348236084,1.2319318056106567,1.2247422933578491,1.2208133935928345,1.2145237922668457,1.2101954221725464,1.207273244857788,1.2003788948059082,1.1949912309646606,1.1896162033081055,1.1850088834762573,1.1819484233856201,1.1757068634033203,1.1708271503448486,1.1652803421020508,1.1606851816177368,1.1584880352020264,1.1525232791900635,1.1469377279281616,1.1426934003829956,1.1404352188110352,1.1355946063995361,1.1285455226898193,1.1232563257217407,1.1197757720947266,1.1154155731201172,1.111647605895996,1.1074570417404175,1.1027264595031738,1.0984208583831787,1.095356822013855,1.0898118019104004,1.0842921733856201,1.0850274562835693,1.0837949514389038,1.0730564594268799,1.0742908716201782,1.0687272548675537,1.0651899576187134,1.0601731538772583,1.0554150342941284,1.0533554553985596,1.046600580215454,1.0453169345855713,1.04190993309021,1.0352615118026733,1.0355294942855835,3.445537567138672,1.9336153268814087,1.8515411615371704,1.7957285642623901,1.7501989603042603,1.7086241245269775,1.6762628555297852,1.652848243713379,1.633522868156433,1.6181001663208008,1.6065505743026733,1.5959125757217407,1.588494062423706,1.5794076919555664,1.5702766180038452,1.5637178421020508,1.5573381185531616,1.5510743856430054,1.5439653396606445,1.5405187606811523,1.534322738647461,1.5282608270645142,1.5258241891860962,1.5185680389404297,1.5140975713729858,1.50714111328125,1.5040069818496704,1.4996610879898071,1.4912407398223877,1.4864201545715332,1.481087565422058,1.4770370721817017,1.4717793464660645,1.4681283235549927,1.4621193408966064,1.459511399269104,1.4543461799621582,1.4519587755203247,1.4469355344772339,1.444300651550293,1.4426462650299072,1.436838984489441,1.4360102415084839,1.4304766654968262,1.4302901029586792,1.425467848777771,1.4255784749984741,1.4223017692565918,1.42317795753479,1.4170345067977905,1.418076515197754,1.4178049564361572,1.417822003364563,1.4150469303131104,1.4153755903244019,1.4116300344467163,1.4089484214782715,1.4081515073776245,1.4052985906600952,1.4063056707382202,1.4082328081130981,1.40426766872406,1.401663064956665,1.3999834060668945,1.3993045091629028,1.4000675678253174,1.3977373838424683,1.3961130380630493,1.3942192792892456,1.393459439277649,1.3956102132797241,1.3952893018722534,1.3933552503585815,1.3945786952972412,1.3975504636764526,1.394742488861084,1.3922810554504395,1.3925007581710815,1.3944073915481567,1.394408106803894,1.3957864046096802,1.396087884902954,1.3983217477798462,1.3958930969238281,1.40794038772583,1.4080346822738647,1.409328818321228,1.4139543771743774,1.4191974401474,1.4180644750595093,1.4232300519943237,1.419514775276184,1.4248031377792358,1.4222453832626343,1.4258475303649902,1.4275206327438354,1.424976110458374,1.4306203126907349,1.434009313583374,1.4307507276535034,1.4311937093734741
"<Genome {'input_shape': (3, 32, 32), 'output_feature_depth': 10, 'genes': [<Gene {'node': <CatNode {'input_shapes': [(3, 32, 32), (3, 32, 32)]}>, 'input_indices': [-1, -1], 'input_shapes': [(3, 32, 32), (3, 32, 32)]}>, <Gene {'node': <ConvNode {'input_shapes': [(3, 32, 32)], '_ConvNode__input_shape': (3, 32, 32), '_ConvNode__output_feature_depth': 64, 'kernel_size': 1}>, 'input_indices': [-1], 'input_shapes': [(3, 32, 32)]}>, <Gene {'node': <CatNode {'input_shapes': [(3, 32, 32), (64, 32, 32)]}>, 'input_indices': [-1, 1], 'input_shapes': [(3, 32, 32), (64, 32, 32)]}>, <Gene {'node': <DepSepConvNode {'input_shapes': [(6, 3, 3)], '_DepSepConvNode__input_shape': (6, 3, 3), '_DepSepConvNode__output_feature_depth': 64, 'kernel_size': 3}>, 'input_indices': [0], 'input_shapes': [(6, 3, 3)]}>, <Gene {'node': <MaxPoolNode {'input_shapes': [(6, 3, 3)]}>, 'input_indices': [0], 'input_shapes': [(6, 3, 3)]}>, <Gene {'node': <ConvNode {'input_shapes': [(67, 64, 64)], '_ConvNode__input_shape': (67, 64, 64), '_ConvNode__output_feature_depth': 32, 'kernel_size': 1}>, 'input_indices': [2], 'input_shapes': [(67, 64, 64)]}>, <Gene {'node': <CatNode {'input_shapes': [(32, 64, 64), (3, 32, 32)]}>, 'input_indices': [5, -1], 'input_shapes': [(32, 64, 64), (3, 32, 32)]}>, <Gene {'node': <AvgPoolNode {'input_shapes': [(67, 64, 64)]}>, 'input_indices': [2], 'input_shapes': [(67, 64, 64)]}>, <Gene {'node': <SumNode {'input_shapes': [(32, 64, 64), (3, 32, 32)]}>, 'input_indices': [5, -1], 'input_shapes': [(32, 64, 64), (3, 32, 32)]}>, <Gene {'node': <AvgPoolNode {'input_shapes': [(35, 32, 32)]}>, 'input_indices': [6], 'input_shapes': [(35, 32, 32)]}>]}>",4.202885150909424,2.0056302547454834,1.9558824300765991,1.9248390197753906,1.8964064121246338,1.8708186149597168,1.848344326019287,1.8268101215362549,1.8080576658248901,1.7922383546829224,1.7804391384124756,1.7641468048095703,1.7536277770996094,1.7433815002441406,1.7310389280319214,1.7206995487213135,1.7108663320541382,1.7026515007019043,1.6939765214920044,1.6855335235595703,1.6775411367416382,1.6701703071594238,1.6635254621505737,1.6569597721099854,1.650785207748413,1.6450227499008179,1.6391443014144897,1.6336957216262817,1.6286247968673706,1.6238224506378174,1.6191074848175049,1.614588975906372,1.6101707220077515,1.6058472394943237,1.6015965938568115,1.5975004434585571,1.59368097782135,1.5900468826293945,1.5863910913467407,1.5827082395553589,1.579218864440918,1.5755131244659424,1.572074055671692,1.5681854486465454,1.5649831295013428,1.5614490509033203,1.5583584308624268,1.5548286437988281,1.5513741970062256,1.5478497743606567,1.5445711612701416,1.5409035682678223,1.5375524759292603,1.53374183177948,1.5301216840744019,1.526486873626709,1.5227757692337036,1.5187058448791504,1.5150469541549683,1.5108364820480347,1.507061243057251,1.504396915435791,1.5004806518554688,1.495405912399292,1.4932847023010254,1.4893300533294678,1.4848600625991821,1.4809319972991943,1.4784380197525024,1.4741815328598022,1.4701865911483765,1.4663141965866089,1.463459849357605,1.4597370624542236,1.4562654495239258,1.4524909257888794,1.4494965076446533,1.4464117288589478,1.4432839155197144,1.4404027462005615,1.4370959997177124,1.435200572013855,1.4319424629211426,1.4286589622497559,1.4255598783493042,1.4231566190719604,1.4205375909805298,1.4175732135772705,1.4151324033737183,1.4126501083374023,1.4098141193389893,1.4073683023452759,1.4050805568695068,1.4023884534835815,1.3990916013717651,1.3966096639633179,1.394389033317566,1.3923527002334595,1.389718770980835,1.3877431154251099,1.3856451511383057,4.084226131439209,1.9928699731826782,1.9423751831054688,1.9106031656265259,1.8822520971298218,1.8570021390914917,1.8339999914169312,1.8118120431900024,1.7930341958999634,1.777645468711853,1.766000747680664,1.7518500089645386,1.7406730651855469,1.7307208776474,1.7208417654037476,1.7124708890914917,1.7041720151901245,1.6969934701919556,1.6897531747817993,1.682576060295105,1.675958275794983,1.669615626335144,1.6641126871109009,1.6588985919952393,1.6538190841674805,1.6495590209960938,1.645014762878418,1.6411733627319336,1.6373659372329712,1.6340471506118774,1.6308536529541016,1.6276577711105347,1.6241811513900757,1.6209725141525269,1.6179392337799072,1.6150490045547485,1.6118053197860718,1.6093109846115112,1.6065775156021118,1.6039698123931885,1.6008669137954712,1.5989649295806885,1.5958967208862305,1.5939559936523438,1.590753436088562,1.588870882987976,1.5858978033065796,1.584010362625122,1.5802416801452637,1.5785361528396606,1.5757429599761963,1.5726819038391113,1.5698803663253784,1.5669621229171753,1.5639474391937256,1.5613998174667358,1.5585577487945557,1.555005431175232,1.552513599395752,1.549312710762024,1.5466974973678589,1.5448280572891235,1.542480707168579,1.538716197013855,1.5373238325119019,1.5352338552474976,1.5319576263427734,1.5298551321029663,1.527633547782898,1.5251332521438599,1.5223664045333862,1.5198687314987183,1.5173712968826294,1.5156809091567993,1.5128782987594604,1.509550929069519,1.5074354410171509,1.5060791969299316,1.5033398866653442,1.5020121335983276,1.4992215633392334,1.499220609664917,1.4967994689941406,1.4942162036895752,1.4916800260543823,1.491415023803711,1.4903326034545898,1.4882783889770508,1.4877339601516724,1.4870495796203613,1.48505699634552,1.4847673177719116,1.4841947555541992,1.4833827018737793,1.4818366765975952,1.4818848371505737,1.481665849685669,1.4813627004623413,1.4801019430160522,1.479493498802185,1.4788212776184082
"<Genome {'input_shape': (3, 32, 32), 'output_feature_depth': 10, 'genes': [<Gene {'node': <MaxPoolNode {'input_shapes': [(3, 32, 32)]}>, 'input_indices': [-1], 'input_shapes': [(3, 32, 32)]}>, <Gene {'node': <DepSepConvNode {'input_shapes': [(3, 16, 16)], '_DepSepConvNode__input_shape': (3, 16, 16), '_DepSepConvNode__output_feature_depth': 64, 'kernel_size': 5}>, 'input_indices': [0], 'input_shapes': [(3, 16, 16)]}>, <Gene {'node': <MaxPoolNode {'input_shapes': [(3, 32, 32)]}>, 'input_indices': [-1], 'input_shapes': [(3, 32, 32)]}>, <Gene {'node': <AvgPoolNode {'input_shapes': [(3, 32, 32)]}>, 'input_indices': [-1], 'input_shapes': [(3, 32, 32)]}>, <Gene {'node': <AvgPoolNode {'input_shapes': [(64, 16, 16)]}>, 'input_indices': [1], 'input_shapes': [(64, 16, 16)]}>, <Gene {'node': <DepSepConvNode {'input_shapes': [(64, 16, 16)], '_DepSepConvNode__input_shape': (64, 16, 16), '_DepSepConvNode__output_feature_depth': 64, 'kernel_size': 3}>, 'input_indices': [1], 'input_shapes': [(64, 16, 16)]}>, <Gene {'node': <DepSepConvNode {'input_shapes': [(64, 16, 16)], '_DepSepConvNode__input_shape': (64, 16, 16), '_DepSepConvNode__output_feature_depth': 64, 'kernel_size': 3}>, 'input_indices': [5], 'input_shapes': [(64, 16, 16)]}>, <Gene {'node': <AvgPoolNode {'input_shapes': [(3, 32, 32)]}>, 'input_indices': [-1], 'input_shapes': [(3, 32, 32)]}>, <Gene {'node': <DepSepConvNode {'input_shapes': [(3, 16, 16)], '_DepSepConvNode__input_shape': (3, 16, 16), '_DepSepConvNode__output_feature_depth': 128, 'kernel_size': 3}>, 'input_indices': [7], 'input_shapes': [(3, 16, 16)]}>, <Gene {'node': <CatNode {'input_shapes': [(3, 16, 16), (64, 8, 8)]}>, 'input_indices': [0, 4], 'input_shapes': [(3, 16, 16), (64, 8, 8)]}>]}>",7.18404483795166,1.9269825220108032,1.8102904558181763,1.7325057983398438,1.675354242324829,1.6298850774765015,1.5890779495239258,1.5522181987762451,1.5184417963027954,1.487591028213501,1.4594248533248901,1.4340051412582397,1.4104604721069336,1.3886998891830444,1.3686236143112183,1.3495162725448608,1.3312551975250244,1.3147304058074951,1.298703670501709,1.2829196453094482,1.2680355310440063,1.2540616989135742,1.240614891052246,1.2271391153335571,1.213873267173767,1.2004168033599854,1.1869415044784546,1.1747149229049683,1.1624609231948853,1.1504384279251099,1.1390832662582397,1.1270465850830078,1.1149708032608032,1.102373480796814,1.089798092842102,1.0777515172958374,1.0661896467208862,1.054017424583435,1.0409603118896484,1.0303844213485718,1.0195493698120117,1.007623314857483,0.9970093965530396,0.9856369495391846,0.974632978439331,0.9646021723747253,0.9557880163192749,0.946840763092041,0.9379634857177734,0.928634762763977,0.9215408563613892,0.9151448011398315,0.9051651358604431,0.8961278200149536,0.8897799253463745,0.8830884695053101,0.8765784502029419,0.8698353171348572,0.8639853000640869,0.8577707409858704,0.851063072681427,0.8427125215530396,0.8352354168891907,0.8255692720413208,0.8177461624145508,0.8098932504653931,0.8039832711219788,0.7966464161872864,0.7938508987426758,0.7845808267593384,0.7776013016700745,0.7720500826835632,0.7656868100166321,0.758962094783783,0.7498499155044556,0.7474683523178101,0.7399876117706299,0.7296111583709717,0.7227181792259216,0.7133587598800659,0.7082227468490601,0.704260528087616,0.6984360814094543,0.6928300261497498,0.6843148469924927,0.6749414205551147,0.6681406497955322,0.6638426780700684,0.6518536806106567,0.6437584757804871,0.6275379061698914,0.6095914244651794,0.5920884013175964,0.5751760601997375,0.5559185743331909,0.5525910258293152,0.5520315170288086,0.5408499240875244,0.5238677859306335,0.5101767182350159,0.5014210939407349,6.992317199707031,1.9324268102645874,1.8279619216918945,1.7558830976486206,1.7004326581954956,1.6564037799835205,1.619802474975586,1.5881766080856323,1.5637143850326538,1.541660189628601,1.5218470096588135,1.5046522617340088,1.4887133836746216,1.4754825830459595,1.4628514051437378,1.4519861936569214,1.4418729543685913,1.4327667951583862,1.423472285270691,1.4143297672271729,1.4058079719543457,1.3976291418075562,1.3910589218139648,1.3846710920333862,1.3785901069641113,1.3731170892715454,1.36776864528656,1.3635374307632446,1.3607648611068726,1.3577148914337158,1.356231689453125,1.3539198637008667,1.352596640586853,1.3500183820724487,1.347823977470398,1.3463294506072998,1.3458808660507202,1.3434103727340698,1.3404349088668823,1.340765118598938,1.3415768146514893,1.3407074213027954,1.3411749601364136,1.3421086072921753,1.3436243534088135,1.3460367918014526,1.3494789600372314,1.3529478311538696,1.356108546257019,1.3599131107330322,1.3637301921844482,1.369399905204773,1.3705419301986694,1.3744622468948364,1.3801130056381226,1.383492350578308,1.3877054452896118,1.3921786546707153,1.3994625806808472,1.4067398309707642,1.413547158241272,1.4202302694320679,1.4295789003372192,1.434119701385498,1.4422482252120972,1.4486411809921265,1.456046462059021,1.4620271921157837,1.4749332666397095,1.480760097503662,1.489099383354187,1.4981451034545898,1.5076614618301392,1.5151804685592651,1.5213459730148315,1.5350427627563477,1.5432294607162476,1.549419641494751,1.5585755109786987,1.5676240921020508,1.5781792402267456,1.5914572477340698,1.6029624938964844,1.6126874685287476,1.6193180084228516,1.6291660070419312,1.6391483545303345,1.6492575407028198,1.6584233045578003,1.6627588272094727,1.6685711145401,1.6714117527008057,1.6745719909667969,1.6874641180038452,1.6967411041259766,1.71700119972229,1.7322393655776978,1.7373138666152954,1.7365922927856445,1.7514032125473022,1.7689965963363647
"<Genome {'input_shape': (3, 32, 32), 'output_feature_depth': 10, 'genes': [<Gene {'node': <ConvNode {'input_shapes': [(3, 32, 32)], '_ConvNode__input_shape': (3, 32, 32), '_ConvNode__output_feature_depth': 64, 'kernel_size': 3}>, 'input_indices': [-1], 'input_shapes': [(3, 32, 32)]}>, <Gene {'node': <ConvNode {'input_shapes': [(64, 32, 32)], '_ConvNode__input_shape': (64, 32, 32), '_ConvNode__output_feature_depth': 32, 'kernel_size': 3}>, 'input_indices': [0], 'input_shapes': [(64, 32, 32)]}>, <Gene {'node': <AvgPoolNode {'input_shapes': [(32, 32, 32)]}>, 'input_indices': [1], 'input_shapes': [(32, 32, 32)]}>, <Gene {'node': <MaxPoolNode {'input_shapes': [(32, 16, 16)]}>, 'input_indices': [2], 'input_shapes': [(32, 16, 16)]}>, <Gene {'node': <ConvNode {'input_shapes': [(32, 8, 8)], '_ConvNode__input_shape': (32, 8, 8), '_ConvNode__output_feature_depth': 256, 'kernel_size': 1}>, 'input_indices': [3], 'input_shapes': [(32, 8, 8)]}>, <Gene {'node': <CatNode {'input_shapes': [(256, 8, 8), (32, 8, 8)]}>, 'input_indices': [4, 3], 'input_shapes': [(256, 8, 8), (32, 8, 8)]}>, <Gene {'node': <ConvNode {'input_shapes': [(3, 32, 32)], '_ConvNode__input_shape': (3, 32, 32), '_ConvNode__output_feature_depth': 64, 'kernel_size': 1}>, 'input_indices': [-1], 'input_shapes': [(3, 32, 32)]}>, <Gene {'node': <DepSepConvNode {'input_shapes': [(64, 32, 32)], '_DepSepConvNode__input_shape': (64, 32, 32), '_DepSepConvNode__output_feature_depth': 32, 'kernel_size': 3}>, 'input_indices': [0], 'input_shapes': [(64, 32, 32)]}>, <Gene {'node': <SumNode {'input_shapes': [(32, 16, 16), (32, 8, 8)]}>, 'input_indices': [2, 3], 'input_shapes': [(32, 16, 16), (32, 8, 8)]}>, <Gene {'node': <ConvNode {'input_shapes': [(3, 32, 32)], '_ConvNode__input_shape': (3, 32, 32), '_ConvNode__output_feature_depth': 32, 'kernel_size': 3}>, 'input_indices': [-1], 'input_shapes': [(3, 32, 32)]}>]}>",3.057833194732666,1.92062246799469,1.8053840398788452,1.7216200828552246,1.6576813459396362,1.6027384996414185,1.5485657453536987,1.5012702941894531,1.460141897201538,1.4255868196487427,1.396404504776001,1.3699966669082642,1.3443987369537354,1.3184627294540405,1.294866681098938,1.2738311290740967,1.2481495141983032,1.2256428003311157,1.2028652429580688,1.1812275648117065,1.1591004133224487,1.1329107284545898,1.1139816045761108,1.0924956798553467,1.0714101791381836,1.0499368906021118,1.0309094190597534,1.0099774599075317,0.9913156628608704,0.9741032123565674,0.9525848627090454,0.9361392855644226,0.9208319783210754,0.90474933385849,0.8892434239387512,0.8739759922027588,0.8593578338623047,0.8435066342353821,0.8297628164291382,0.8153635859489441,0.8020370006561279,0.7896726727485657,0.7753010392189026,0.7648706436157227,0.7516593337059021,0.7430164217948914,0.7307626008987427,0.7163822054862976,0.7052191495895386,0.6952365040779114,0.6866843700408936,0.6730967164039612,0.6634758114814758,0.6534761190414429,0.6463445425033569,0.6408284902572632,0.6288673281669617,0.6209480166435242,0.6130291819572449,0.6019723415374756,0.5959980487823486,0.585071861743927,0.5746151208877563,0.5606657266616821,0.5499203205108643,0.5416841506958008,0.5384529232978821,0.5253105759620667,0.5173290371894836,0.5081530213356018,0.50642991065979,0.4944203495979309,0.4946484863758087,0.49029818177223206,0.4824115037918091,0.4844517707824707,0.467509925365448,0.4613095819950104,0.4543585479259491,0.4516051113605499,0.45797446370124817,0.44531264901161194,0.469345360994339,0.472766637802124,0.4938039183616638,0.4823168218135834,0.494889497756958,0.4773760139942169,0.4665953516960144,0.46358737349510193,0.435569703578949,0.41211584210395813,0.4059542417526245,0.39933404326438904,0.3907665014266968,0.38899359107017517,0.40092596411705017,0.39801231026649475,0.41650134325027466,0.4488786458969116,0.4784587025642395,2.9991295337677,1.9035929441452026,1.7818711996078491,1.6975812911987305,1.638352632522583,1.591465950012207,1.5473918914794922,1.5110996961593628,1.483256459236145,1.4630560874938965,1.4489153623580933,1.434688687324524,1.4212244749069214,1.4079409837722778,1.3962440490722656,1.3867254257202148,1.374624490737915,1.3644728660583496,1.3545475006103516,1.3472540378570557,1.3388104438781738,1.3296574354171753,1.3245229721069336,1.318992257118225,1.312752366065979,1.3071016073226929,1.3045746088027954,1.2981551885604858,1.2938801050186157,1.2931069135665894,1.2831673622131348,1.2826902866363525,1.2811490297317505,1.2757357358932495,1.2753679752349854,1.2741576433181763,1.275784969329834,1.2749226093292236,1.2785593271255493,1.280160903930664,1.2841463088989258,1.2892764806747437,1.2900972366333008,1.2947057485580444,1.2982500791549683,1.3036725521087646,1.308221697807312,1.3112988471984863,1.3145540952682495,1.3184058666229248,1.3267568349838257,1.3252772092819214,1.3347370624542236,1.3373109102249146,1.3417094945907593,1.3522754907608032,1.3535727262496948,1.362930178642273,1.372821569442749,1.3800097703933716,1.3944885730743408,1.404070496559143,1.4113210439682007,1.4129809141159058,1.4269160032272339,1.4309804439544678,1.447137713432312,1.455231785774231,1.4599242210388184,1.4664090871810913,1.486182451248169,1.4973630905151367,1.5123579502105713,1.5284334421157837,1.5402418375015259,1.5581028461456299,1.5637792348861694,1.5781222581863403,1.6001789569854736,1.622086763381958,1.6575483083724976,1.6781915426254272,1.7507085800170898,1.7792013883590698,1.8352817296981812,1.8635395765304565,1.9314006567001343,1.9456480741500854,1.9664701223373413,1.9845596551895142,1.9938141107559204,2.006075859069824,2.0267410278320312,2.049262523651123,2.0559332370758057,2.0606632232666016,2.099220037460327,2.1153218746185303,2.1782219409942627,2.2119312286376953,2.266054153442383
"<Genome {'input_shape': (3, 32, 32), 'output_feature_depth': 10, 'genes': [<Gene {'node': <AvgPoolNode {'input_shapes': [(3, 32, 32)]}>, 'input_indices': [-1], 'input_shapes': [(3, 32, 32)]}>, <Gene {'node': <CatNode {'input_shapes': [(3, 32, 32), (3, 32, 32)]}>, 'input_indices': [-1, -1], 'input_shapes': [(3, 32, 32), (3, 32, 32)]}>, <Gene {'node': <MaxPoolNode {'input_shapes': [(3, 32, 32)]}>, 'input_indices': [-1], 'input_shapes': [(3, 32, 32)]}>, <Gene {'node': <DepSepConvNode {'input_shapes': [(3, 16, 16)], '_DepSepConvNode__input_shape': (3, 16, 16), '_DepSepConvNode__output_feature_depth': 32, 'kernel_size': 3}>, 'input_indices': [0], 'input_shapes': [(3, 16, 16)]}>, <Gene {'node': <CatNode {'input_shapes': [(3, 16, 16), (3, 16, 16)]}>, 'input_indices': [0, 0], 'input_shapes': [(3, 16, 16), (3, 16, 16)]}>, <Gene {'node': <AvgPoolNode {'input_shapes': [(6, 3, 3)]}>, 'input_indices': [1], 'input_shapes': [(6, 3, 3)]}>, <Gene {'node': <ConvNode {'input_shapes': [(3, 16, 16)], '_ConvNode__input_shape': (3, 16, 16), '_ConvNode__output_feature_depth': 32, 'kernel_size': 3}>, 'input_indices': [0], 'input_shapes': [(3, 16, 16)]}>, <Gene {'node': <ConvNode {'input_shapes': [(3, 16, 16)], '_ConvNode__input_shape': (3, 16, 16), '_ConvNode__output_feature_depth': 64, 'kernel_size': 3}>, 'input_indices': [0], 'input_shapes': [(3, 16, 16)]}>, <Gene {'node': <CatNode {'input_shapes': [(6, 1, 1), (32, 16, 16)]}>, 'input_indices': [5, 3], 'input_shapes': [(6, 1, 1), (32, 16, 16)]}>, <Gene {'node': <DepSepConvNode {'input_shapes': [(6, 3, 3)], '_DepSepConvNode__input_shape': (6, 3, 3), '_DepSepConvNode__output_feature_depth': 64, 'kernel_size': 5}>, 'input_indices': [4], 'input_shapes': [(6, 3, 3)]}>]}>",4.187248706817627,1.9851514101028442,1.8991056680679321,1.8467023372650146,1.8078358173370361,1.7775523662567139,1.7538803815841675,1.734540343284607,1.718414068222046,1.7045444250106812,1.692463755607605,1.6816304922103882,1.672098994255066,1.6635669469833374,1.6557893753051758,1.6487957239151,1.6419893503189087,1.6354482173919678,1.6288692951202393,1.622383713722229,1.6158884763717651,1.6095478534698486,1.6032954454421997,1.5970510244369507,1.5909526348114014,1.5850191116333008,1.5792312622070312,1.5734076499938965,1.5678240060806274,1.5625275373458862,1.5572043657302856,1.5519782304763794,1.546761155128479,1.541567325592041,1.5364707708358765,1.5316401720046997,1.5268020629882812,1.5223033428192139,1.5176104307174683,1.5132806301116943,1.5090805292129517,1.5048192739486694,1.5008426904678345,1.4970203638076782,1.4931647777557373,1.4894962310791016,1.4857674837112427,1.4822962284088135,1.4788247346878052,1.4752593040466309,1.4717594385147095,1.468311071395874,1.464924693107605,1.4616196155548096,1.4585422277450562,1.4554126262664795,1.4523825645446777,1.4491668939590454,1.4461243152618408,1.4433927536010742,1.4405252933502197,1.437744140625,1.4349260330200195,1.4320608377456665,1.4291307926177979,1.4263050556182861,1.4235097169876099,1.420729398727417,1.418128490447998,1.415473222732544,1.4127399921417236,1.4100896120071411,1.4073911905288696,1.4046534299850464,1.4018669128417969,1.3993806838989258,1.3965803384780884,1.3940969705581665,1.3918472528457642,1.389316201210022,1.3869999647140503,1.3845285177230835,1.382116436958313,1.3797341585159302,1.3774698972702026,1.3751083612442017,1.3728525638580322,1.370704174041748,1.368661642074585,1.3663679361343384,1.3640056848526,1.3618897199630737,1.359675645828247,1.3575630187988281,1.355312466621399,1.353486180305481,1.3513928651809692,1.3491421937942505,1.3469479084014893,1.3451523780822754,1.3432540893554688,4.02130651473999,1.9670032262802124,1.8844255208969116,1.8348276615142822,1.797118067741394,1.7696281671524048,1.749707579612732,1.7340154647827148,1.7208002805709839,1.7095352411270142,1.6998014450073242,1.6909446716308594,1.6830459833145142,1.6757872104644775,1.6694164276123047,1.6637176275253296,1.6582378149032593,1.653053641319275,1.6476764678955078,1.6423743963241577,1.637122392654419,1.6319841146469116,1.626866340637207,1.6217823028564453,1.6170152425765991,1.6124426126480103,1.6077762842178345,1.6029719114303589,1.5982073545455933,1.593940258026123,1.5894790887832642,1.585320234298706,1.5811527967453003,1.5768307447433472,1.5729551315307617,1.5692497491836548,1.5656598806381226,1.5622953176498413,1.558792233467102,1.5556188821792603,1.5523971319198608,1.549269437789917,1.5465381145477295,1.5438342094421387,1.5410797595977783,1.5385135412216187,1.5360020399093628,1.5345360040664673,1.5326999425888062,1.5312303304672241,1.5288792848587036,1.5266841650009155,1.5244371891021729,1.5222313404083252,1.520382285118103,1.5183826684951782,1.5166057348251343,1.5144716501235962,1.5125486850738525,1.5112254619598389,1.5094292163848877,1.5080469846725464,1.5066627264022827,1.5051684379577637,1.5035953521728516,1.5024168491363525,1.5011522769927979,1.499567985534668,1.4986447095870972,1.49681556224823,1.4953640699386597,1.493787407875061,1.4920547008514404,1.49020254611969,1.4889518022537231,1.4878149032592773,1.4863810539245605,1.4850685596466064,1.4842572212219238,1.483344316482544,1.482247233390808,1.481608510017395,1.4806467294692993,1.4796595573425293,1.4788122177124023,1.4774798154830933,1.476603627204895,1.4759770631790161,1.4754725694656372,1.4747141599655151,1.4735653400421143,1.4732831716537476,1.4726505279541016,1.4719334840774536,1.471612572669983,1.4716445207595825,1.4710859060287476,1.4707800149917603,1.4700812101364136,1.4698933362960815,1.4693158864974976
"<Genome {'input_shape': (3, 32, 32), 'output_feature_depth': 10, 'genes': [<Gene {'node': <ConvNode {'input_shapes': [(3, 32, 32)], '_ConvNode__input_shape': (3, 32, 32), '_ConvNode__output_feature_depth': 256, 'kernel_size': 1}>, 'input_indices': [-1], 'input_shapes': [(3, 32, 32)]}>, <Gene {'node': <AvgPoolNode {'input_shapes': [(3, 32, 32)]}>, 'input_indices': [-1], 'input_shapes': [(3, 32, 32)]}>, <Gene {'node': <ConvNode {'input_shapes': [(3, 16, 16)], '_ConvNode__input_shape': (3, 16, 16), '_ConvNode__output_feature_depth': 32, 'kernel_size': 1}>, 'input_indices': [1], 'input_shapes': [(3, 16, 16)]}>, <Gene {'node': <AvgPoolNode {'input_shapes': [(3, 32, 32)]}>, 'input_indices': [-1], 'input_shapes': [(3, 32, 32)]}>, <Gene {'node': <AvgPoolNode {'input_shapes': [(3, 32, 32)]}>, 'input_indices': [-1], 'input_shapes': [(3, 32, 32)]}>, <Gene {'node': <CatNode {'input_shapes': [(256, 32, 32), (256, 32, 32)]}>, 'input_indices': [0, 0], 'input_shapes': [(256, 32, 32), (256, 32, 32)]}>, <Gene {'node': <AvgPoolNode {'input_shapes': [(3, 16, 16)]}>, 'input_indices': [4], 'input_shapes': [(3, 16, 16)]}>, <Gene {'node': <DepSepConvNode {'input_shapes': [(3, 16, 16)], '_DepSepConvNode__input_shape': (3, 16, 16), '_DepSepConvNode__output_feature_depth': 128, 'kernel_size': 5}>, 'input_indices': [1], 'input_shapes': [(3, 16, 16)]}>, <Gene {'node': <ConvNode {'input_shapes': [(3, 8, 8)], '_ConvNode__input_shape': (3, 8, 8), '_ConvNode__output_feature_depth': 32, 'kernel_size': 3}>, 'input_indices': [6], 'input_shapes': [(3, 8, 8)]}>, <Gene {'node': <ConvNode {'input_shapes': [(3, 8, 8)], '_ConvNode__input_shape': (3, 8, 8), '_ConvNode__output_feature_depth': 32, 'kernel_size': 1}>, 'input_indices': [6], 'input_shapes': [(3, 8, 8)]}>]}>",3.2492947578430176,2.0234601497650146,1.9891674518585205,1.9657025337219238,1.9459172487258911,1.927502989768982,1.910058856010437,1.8935092687606812,1.8773932456970215,1.861846923828125,1.846676230430603,1.8321913480758667,1.818247675895691,1.8051426410675049,1.792763352394104,1.7810876369476318,1.7701131105422974,1.7601242065429688,1.7508550882339478,1.742175817489624,1.7341892719268799,1.7267282009124756,1.7198437452316284,1.7134262323379517,1.7074763774871826,1.7018861770629883,1.6965652704238892,1.6916258335113525,1.6870516538619995,1.6827170848846436,1.678610920906067,1.6747641563415527,1.6712197065353394,1.6677862405776978,1.6645382642745972,1.6614012718200684,1.658417820930481,1.6554909944534302,1.6526769399642944,1.6498881578445435,1.6473027467727661,1.6446757316589355,1.6421844959259033,1.639683723449707,1.6372458934783936,1.6348375082015991,1.6324719190597534,1.6302309036254883,1.627940058708191,1.6257004737854004,1.6235322952270508,1.6213703155517578,1.619273066520691,1.6171698570251465,1.6149924993515015,1.6128612756729126,1.6106884479522705,1.6085630655288696,1.6065095663070679,1.604419469833374,1.6023262739181519,1.6002297401428223,1.5981365442276,1.5962210893630981,1.5943386554718018,1.5923714637756348,1.5905656814575195,1.5885995626449585,1.5867886543273926,1.5848536491394043,1.5829325914382935,1.5810080766677856,1.5791577100753784,1.5771844387054443,1.5753417015075684,1.5733846426010132,1.571336269378662,1.5694636106491089,1.5677096843719482,1.5659126043319702,1.5640555620193481,1.562327265739441,1.5603150129318237,1.5584630966186523,1.5567119121551514,1.5547516345977783,1.552778959274292,1.5511175394058228,1.5494564771652222,1.5477229356765747,1.5461947917938232,1.544052004814148,1.5426533222198486,1.5405678749084473,1.5390335321426392,1.5375639200210571,1.5359758138656616,1.5345027446746826,1.5318855047225952,1.5303733348846436,1.529193639755249,3.2098405361175537,2.015378713607788,2.0060083866119385,1.9944976568222046,1.9820358753204346,1.9696085453033447,1.9572432041168213,1.9463554620742798,1.9351978302001953,1.9240144491195679,1.9130134582519531,1.901863694190979,1.8913010358810425,1.8807785511016846,1.8704617023468018,1.8615394830703735,1.8520526885986328,1.8440107107162476,1.8364890813827515,1.829488754272461,1.823032021522522,1.8168572187423706,1.8111727237701416,1.8057527542114258,1.800756812095642,1.7960083484649658,1.791509985923767,1.7873420715332031,1.7835406064987183,1.7800568342208862,1.7767304182052612,1.7737125158309937,1.7711431980133057,1.7686108350753784,1.766366958618164,1.7639877796173096,1.7619613409042358,1.7600061893463135,1.7580794095993042,1.7561349868774414,1.7544386386871338,1.752679467201233,1.7512553930282593,1.7496918439865112,1.7483114004135132,1.7469295263290405,1.7456997632980347,1.7447210550308228,1.7436552047729492,1.7425552606582642,1.741699457168579,1.7408888339996338,1.7401455640792847,1.7394136190414429,1.7386019229888916,1.7378307580947876,1.73689866065979,1.736126184463501,1.7355350255966187,1.7349789142608643,1.734394907951355,1.733911395072937,1.7333751916885376,1.733041763305664,1.7328426837921143,1.7326735258102417,1.7326306104660034,1.7323486804962158,1.731919527053833,1.7317701578140259,1.7314672470092773,1.7310227155685425,1.7307161092758179,1.730348825454712,1.7298625707626343,1.7293723821640015,1.728981852531433,1.7285040616989136,1.7279777526855469,1.7275089025497437,1.7270945310592651,1.7268024682998657,1.7265090942382812,1.7261008024215698,1.725746512413025,1.7253729104995728,1.7249568700790405,1.7245320081710815,1.7241982221603394,1.72384512424469,1.7235163450241089,1.7234165668487549,1.7228832244873047,1.7226860523223877,1.722180962562561,1.7219797372817993,1.7218048572540283,1.7216280698776245,1.7210817337036133,1.72093665599823,1.7209514379501343
"<Genome {'input_shape': (3, 32, 32), 'output_feature_depth': 10, 'genes': [<Gene {'node': <MaxPoolNode {'input_shapes': [(3, 32, 32)]}>, 'input_indices': [-1], 'input_shapes': [(3, 32, 32)]}>, <Gene {'node': <CatNode {'input_shapes': [(3, 16, 16), (3, 16, 16)]}>, 'input_indices': [0, 0], 'input_shapes': [(3, 16, 16), (3, 16, 16)]}>, <Gene {'node': <CatNode {'input_shapes': [(3, 32, 32), (3, 16, 16)]}>, 'input_indices': [-1, 0], 'input_shapes': [(3, 32, 32), (3, 16, 16)]}>, <Gene {'node': <DepSepConvNode {'input_shapes': [(3, 32, 32)], '_DepSepConvNode__input_shape': (3, 32, 32), '_DepSepConvNode__output_feature_depth': 128, 'kernel_size': 5}>, 'input_indices': [-1], 'input_shapes': [(3, 32, 32)]}>, <Gene {'node': <ConvNode {'input_shapes': [(6, 3, 3)], '_ConvNode__input_shape': (6, 3, 3), '_ConvNode__output_feature_depth': 32, 'kernel_size': 1}>, 'input_indices': [2], 'input_shapes': [(6, 3, 3)]}>, <Gene {'node': <CatNode {'input_shapes': [(32, 3, 3), (32, 3, 3)]}>, 'input_indices': [4, 4], 'input_shapes': [(32, 3, 3), (32, 3, 3)]}>, <Gene {'node': <SumNode {'input_shapes': [(6, 3, 3), (6, 3, 3)]}>, 'input_indices': [1, 1], 'input_shapes': [(6, 3, 3), (6, 3, 3)]}>, <Gene {'node': <MaxPoolNode {'input_shapes': [(128, 32, 32)]}>, 'input_indices': [3], 'input_shapes': [(128, 32, 32)]}>, <Gene {'node': <MaxPoolNode {'input_shapes': [(64, 32, 32)]}>, 'input_indices': [5], 'input_shapes': [(64, 32, 32)]}>, <Gene {'node': <ConvNode {'input_shapes': [(128, 32, 32)], '_ConvNode__input_shape': (128, 32, 32), '_ConvNode__output_feature_depth': 32, 'kernel_size': 1}>, 'input_indices': [3], 'input_shapes': [(128, 32, 32)]}>]}>",3.089205026626587,1.9805116653442383,1.9300986528396606,1.9000543355941772,1.8726234436035156,1.8507869243621826,1.8312897682189941,1.8143543004989624,1.7999029159545898,1.7872774600982666,1.775973916053772,1.7654237747192383,1.7552136182785034,1.7448854446411133,1.7349467277526855,1.7256646156311035,1.7160086631774902,1.7071962356567383,1.6984857320785522,1.6898448467254639,1.6810487508773804,1.6723841428756714,1.663802981376648,1.6556825637817383,1.648184061050415,1.6420515775680542,1.6353538036346436,1.629116177558899,1.6232331991195679,1.617318034172058,1.610628604888916,1.6054896116256714,1.5983175039291382,1.5926144123077393,1.5866901874542236,1.5819813013076782,1.576646089553833,1.5720088481903076,1.5665303468704224,1.5619840621948242,1.5583924055099487,1.5538296699523926,1.5498191118240356,1.5455799102783203,1.543079137802124,1.5396308898925781,1.536034345626831,1.5325267314910889,1.5292956829071045,1.524894118309021,1.5208430290222168,1.5184986591339111,1.5154023170471191,1.5125973224639893,1.5099833011627197,1.506738305091858,1.5028834342956543,1.5015108585357666,1.4973448514938354,1.492416262626648,1.4899882078170776,1.486493468284607,1.4839160442352295,1.4799598455429077,1.4776313304901123,1.475486397743225,1.473298192024231,1.4711474180221558,1.4683059453964233,1.4654446840286255,1.4634567499160767,1.4615058898925781,1.45900559425354,1.4568219184875488,1.454520583152771,1.4524765014648438,1.450386881828308,1.448050618171692,1.4462635517120361,1.4441988468170166,1.4418728351593018,1.438923716545105,1.4367116689682007,1.4344589710235596,1.4325872659683228,1.4294943809509277,1.4273427724838257,1.4263180494308472,1.4245123863220215,1.4223353862762451,1.4203789234161377,1.417954921722412,1.4157353639602661,1.414124608039856,1.4114623069763184,1.4098882675170898,1.4065098762512207,1.4047447443008423,1.4017342329025269,1.3999651670455933,1.3977267742156982,3.042538642883301,1.9684944152832031,1.9214251041412354,1.8946365118026733,1.8728983402252197,1.856524109840393,1.8414751291275024,1.8287910223007202,1.8189823627471924,1.8109718561172485,1.8029062747955322,1.7953399419784546,1.7880626916885376,1.7809193134307861,1.7742656469345093,1.7679485082626343,1.7610588073730469,1.7549852132797241,1.7482179403305054,1.7416985034942627,1.7358566522598267,1.7302030324935913,1.7241352796554565,1.7182854413986206,1.7135345935821533,1.7099088430404663,1.7054389715194702,1.7016773223876953,1.6983693838119507,1.6948928833007812,1.6903969049453735,1.68716299533844,1.6828469038009644,1.6794092655181885,1.67546808719635,1.6724786758422852,1.6688432693481445,1.6656821966171265,1.6613796949386597,1.6579843759536743,1.6547768115997314,1.6522396802902222,1.648948311805725,1.6464580297470093,1.644029974937439,1.6414448022842407,1.638771891593933,1.6362797021865845,1.6337242126464844,1.6308574676513672,1.6277294158935547,1.6256897449493408,1.6230610609054565,1.620808482170105,1.6189438104629517,1.6160106658935547,1.612910509109497,1.6120836734771729,1.6089061498641968,1.6041587591171265,1.602251410484314,1.5992558002471924,1.5965893268585205,1.5926225185394287,1.5904054641723633,1.5884771347045898,1.5864125490188599,1.5838427543640137,1.581255316734314,1.578752875328064,1.577560544013977,1.5766375064849854,1.5748426914215088,1.573322057723999,1.5717390775680542,1.5708788633346558,1.5692399740219116,1.5673216581344604,1.5662604570388794,1.5648669004440308,1.5626658201217651,1.5607365369796753,1.559035062789917,1.5575432777404785,1.5560524463653564,1.5532829761505127,1.5521814823150635,1.5514278411865234,1.5504971742630005,1.5487518310546875,1.547098994255066,1.5461598634719849,1.5449937582015991,1.5442075729370117,1.5426894426345825,1.5417312383651733,1.5393668413162231,1.5385663509368896,1.5363849401474,1.5354822874069214,1.5349870920181274
"<Genome {'input_shape': (3, 32, 32), 'output_feature_depth': 10, 'genes': [<Gene {'node': <DepSepConvNode {'input_shapes': [(3, 32, 32)], '_DepSepConvNode__input_shape': (3, 32, 32), '_DepSepConvNode__output_feature_depth': 128, 'kernel_size': 5}>, 'input_indices': [-1], 'input_shapes': [(3, 32, 32)]}>, <Gene {'node': <ConvNode {'input_shapes': [(3, 32, 32)], '_ConvNode__input_shape': (3, 32, 32), '_ConvNode__output_feature_depth': 256, 'kernel_size': 1}>, 'input_indices': [-1], 'input_shapes': [(3, 32, 32)]}>, <Gene {'node': <MaxPoolNode {'input_shapes': [(256, 32, 32)]}>, 'input_indices': [1], 'input_shapes': [(256, 32, 32)]}>, <Gene {'node': <MaxPoolNode {'input_shapes': [(256, 16, 16)]}>, 'input_indices': [2], 'input_shapes': [(256, 16, 16)]}>, <Gene {'node': <SumNode {'input_shapes': [(3, 32, 32), (3, 32, 32)]}>, 'input_indices': [-1, -1], 'input_shapes': [(3, 32, 32), (3, 32, 32)]}>, <Gene {'node': <SumNode {'input_shapes': [(3, 32, 32), (3, 32, 32)]}>, 'input_indices': [-1, -1], 'input_shapes': [(3, 32, 32), (3, 32, 32)]}>, <Gene {'node': <SumNode {'input_shapes': [(3, 3, 3), (256, 8, 8)]}>, 'input_indices': [5, 3], 'input_shapes': [(3, 3, 3), (256, 8, 8)]}>, <Gene {'node': <MaxPoolNode {'input_shapes': [(128, 32, 32)]}>, 'input_indices': [0], 'input_shapes': [(128, 32, 32)]}>, <Gene {'node': <MaxPoolNode {'input_shapes': [(256, 32, 32)]}>, 'input_indices': [1], 'input_shapes': [(256, 32, 32)]}>, <Gene {'node': <ConvNode {'input_shapes': [(3, 3, 3)], '_ConvNode__input_shape': (3, 3, 3), '_ConvNode__output_feature_depth': 256, 'kernel_size': 3}>, 'input_indices': [5], 'input_shapes': [(3, 3, 3)]}>]}>",3.960083484649658,1.9440152645111084,1.8777132034301758,1.829777717590332,1.791975498199463,1.7595956325531006,1.7316033840179443,1.706236481666565,1.6848469972610474,1.6653181314468384,1.6484999656677246,1.632470726966858,1.6173975467681885,1.6028759479522705,1.5894709825515747,1.5766412019729614,1.5652596950531006,1.554187536239624,1.5442824363708496,1.5341517925262451,1.5255205631256104,1.5164399147033691,1.508404016494751,1.5007046461105347,1.4934879541397095,1.4866268634796143,1.4797799587249756,1.4732210636138916,1.4675978422164917,1.4617185592651367,1.4560706615447998,1.4509814977645874,1.446122646331787,1.4411194324493408,1.4366148710250854,1.4318984746932983,1.4279760122299194,1.423988938331604,1.4195791482925415,1.4154722690582275,1.4124022722244263,1.4080711603164673,1.4043998718261719,1.4010915756225586,1.39777410030365,1.3945693969726562,1.3914042711257935,1.388513445854187,1.3850957155227661,1.38197922706604,1.3787462711334229,1.3764058351516724,1.3732002973556519,1.3702336549758911,1.3675163984298706,1.365168809890747,1.3622525930404663,1.3596007823944092,1.3571621179580688,1.354634404182434,1.352301001548767,1.349439024925232,1.3474026918411255,1.3446084260940552,1.3427056074142456,1.3400949239730835,1.33797287940979,1.3356115818023682,1.3337386846542358,1.3315088748931885,1.3294920921325684,1.3275295495986938,1.3255436420440674,1.3234071731567383,1.3213517665863037,1.3191108703613281,1.317580223083496,1.3155219554901123,1.3137776851654053,1.3117244243621826,1.3098669052124023,1.3080466985702515,1.3063541650772095,1.304450511932373,1.3026443719863892,1.3007832765579224,1.2992079257965088,1.2976149320602417,1.2958847284317017,1.294522762298584,1.292492151260376,1.2910995483398438,1.2892827987670898,1.2879081964492798,1.285875916481018,1.2849762439727783,1.283126711845398,1.2820509672164917,1.2799433469772339,1.2787495851516724,1.2773401737213135,3.9803624153137207,1.9302295446395874,1.8629995584487915,1.8163303136825562,1.7824337482452393,1.7537904977798462,1.7296217679977417,1.707412600517273,1.6893495321273804,1.673097848892212,1.6598953008651733,1.6459978818893433,1.63336980342865,1.6220329999923706,1.6109291315078735,1.6019140481948853,1.5935624837875366,1.5857540369033813,1.5785751342773438,1.5722101926803589,1.5666178464889526,1.5612051486968994,1.5563422441482544,1.5517724752426147,1.5470921993255615,1.543615698814392,1.5389317274093628,1.5358725786209106,1.5325891971588135,1.5300344228744507,1.5268090963363647,1.5245112180709839,1.522473692893982,1.5197241306304932,1.5176682472229004,1.515331506729126,1.514040470123291,1.5120830535888672,1.5103611946105957,1.50800359249115,1.5083608627319336,1.504787564277649,1.5041722059249878,1.5023860931396484,1.5017541646957397,1.4994069337844849,1.4987232685089111,1.4970979690551758,1.4957923889160156,1.494280219078064,1.4931520223617554,1.4908353090286255,1.490128755569458,1.488620400428772,1.4864064455032349,1.4860843420028687,1.4840784072875977,1.482643485069275,1.481760859489441,1.4805805683135986,1.479085087776184,1.4779809713363647,1.4765751361846924,1.4759416580200195,1.4743441343307495,1.4740322828292847,1.472998023033142,1.472906231880188,1.4715040922164917,1.4716339111328125,1.4705637693405151,1.4706056118011475,1.469155192375183,1.469228744506836,1.46739661693573,1.467958688735962,1.466500163078308,1.4666069746017456,1.4650272130966187,1.4651219844818115,1.4637607336044312,1.4637974500656128,1.4624541997909546,1.4630407094955444,1.4609270095825195,1.4618147611618042,1.460452675819397,1.4613014459609985,1.459617018699646,1.460103154182434,1.4585193395614624,1.4589382410049438,1.457344889640808,1.4583251476287842,1.456251859664917,1.4570382833480835,1.4558926820755005,1.4568103551864624,1.4547737836837769,1.4555606842041016,1.4546064138412476
"<Genome {'input_shape': (3, 32, 32), 'output_feature_depth': 10, 'genes': [<Gene {'node': <CatNode {'input_shapes': [(3, 32, 32), (3, 32, 32)]}>, 'input_indices': [-1, -1], 'input_shapes': [(3, 32, 32), (3, 32, 32)]}>, <Gene {'node': <AvgPoolNode {'input_shapes': [(3, 32, 32)]}>, 'input_indices': [-1], 'input_shapes': [(3, 32, 32)]}>, <Gene {'node': <ConvNode {'input_shapes': [(3, 16, 16)], '_ConvNode__input_shape': (3, 16, 16), '_ConvNode__output_feature_depth': 128, 'kernel_size': 1}>, 'input_indices': [1], 'input_shapes': [(3, 16, 16)]}>, <Gene {'node': <CatNode {'input_shapes': [(6, 3, 3), (128, 16, 16)]}>, 'input_indices': [0, 2], 'input_shapes': [(6, 3, 3), (128, 16, 16)]}>, <Gene {'node': <DepSepConvNode {'input_shapes': [(6, 3, 3)], '_DepSepConvNode__input_shape': (6, 3, 3), '_DepSepConvNode__output_feature_depth': 64, 'kernel_size': 3}>, 'input_indices': [0], 'input_shapes': [(6, 3, 3)]}>, <Gene {'node': <ConvNode {'input_shapes': [(3, 32, 32)], '_ConvNode__input_shape': (3, 32, 32), '_ConvNode__output_feature_depth': 256, 'kernel_size': 3}>, 'input_indices': [-1], 'input_shapes': [(3, 32, 32)]}>, <Gene {'node': <ConvNode {'input_shapes': [(3, 16, 16)], '_ConvNode__input_shape': (3, 16, 16), '_ConvNode__output_feature_depth': 256, 'kernel_size': 3}>, 'input_indices': [1], 'input_shapes': [(3, 16, 16)]}>, <Gene {'node': <DepSepConvNode {'input_shapes': [(6, 3, 3)], '_DepSepConvNode__input_shape': (6, 3, 3), '_DepSepConvNode__output_feature_depth': 64, 'kernel_size': 3}>, 'input_indices': [0], 'input_shapes': [(6, 3, 3)]}>, <Gene {'node': <DepSepConvNode {'input_shapes': [(256, 32, 32)], '_DepSepConvNode__input_shape': (256, 32, 32), '_DepSepConvNode__output_feature_depth': 32, 'kernel_size': 3}>, 'input_indices': [5], 'input_shapes': [(256, 32, 32)]}>, <Gene {'node': <SumNode {'input_shapes': [(128, 16, 16), (64, 3, 3)]}>, 'input_indices': [2, 7], 'input_shapes': [(128, 16, 16), (64, 3, 3)]}>]}>",3.629575252532959,1.9165685176849365,1.8250963687896729,1.7537086009979248,1.6980887651443481,1.655088186264038,1.619307518005371,1.5861413478851318,1.5564228296279907,1.5272644758224487,1.4988281726837158,1.4734163284301758,1.4495022296905518,1.428597092628479,1.4075936079025269,1.3901276588439941,1.373772382736206,1.3579533100128174,1.3428552150726318,1.3282262086868286,1.312630295753479,1.2990193367004395,1.286868929862976,1.2740521430969238,1.2623040676116943,1.2503880262374878,1.2401281595230103,1.2293494939804077,1.2177306413650513,1.2066676616668701,1.1961596012115479,1.1855533123016357,1.1764315366744995,1.1657687425613403,1.1545006036758423,1.1448653936386108,1.1356253623962402,1.1257485151290894,1.1161218881607056,1.107331395149231,1.09918212890625,1.089945673942566,1.0799851417541504,1.072642207145691,1.0629169940948486,1.0537530183792114,1.0441970825195312,1.0352025032043457,1.0262014865875244,1.018161416053772,1.0094422101974487,1.0014599561691284,0.9955470561981201,0.9841164946556091,0.9761379957199097,0.9692162871360779,0.962160587310791,0.9523340463638306,0.9488474726676941,0.9381012320518494,0.9342714548110962,0.9247283339500427,0.921330988407135,0.9124574661254883,0.9073699116706848,0.8982947468757629,0.8903225660324097,0.8836632966995239,0.875602126121521,0.8694828748703003,0.8617795705795288,0.8563565611839294,0.848150372505188,0.8444547057151794,0.8392276763916016,0.8316364288330078,0.822356104850769,0.8157241344451904,0.8082582354545593,0.8031854629516602,0.7958983778953552,0.7892796993255615,0.7839258313179016,0.7782829403877258,0.7725449800491333,0.7622573375701904,0.7590425610542297,0.7527660131454468,0.7462372183799744,0.740935206413269,0.7344892024993896,0.7283079624176025,0.7237867712974548,0.7171592116355896,0.711789071559906,0.7070745825767517,0.7025934457778931,0.6978303790092468,0.6924702525138855,0.6859933137893677,0.6812736392021179,3.5668532848358154,1.893288493156433,1.7940689325332642,1.7253464460372925,1.672939658164978,1.6363182067871094,1.606927514076233,1.5787255764007568,1.55475652217865,1.530677318572998,1.506994366645813,1.4874285459518433,1.4703513383865356,1.4560669660568237,1.4425365924835205,1.4330717325210571,1.4230542182922363,1.416396975517273,1.4069161415100098,1.4004948139190674,1.3930656909942627,1.3859639167785645,1.3818424940109253,1.3748068809509277,1.3691070079803467,1.3633860349655151,1.3585187196731567,1.353416085243225,1.3469409942626953,1.3400911092758179,1.3343526124954224,1.32877779006958,1.321641206741333,1.3156492710113525,1.3083604574203491,1.3032063245773315,1.297995924949646,1.293628454208374,1.2889412641525269,1.285247564315796,1.2815521955490112,1.2759133577346802,1.271771788597107,1.2694964408874512,1.266946792602539,1.2639187574386597,1.2611589431762695,1.2581862211227417,1.2560514211654663,1.254085659980774,1.2508643865585327,1.2507891654968262,1.2504445314407349,1.2485026121139526,1.2456697225570679,1.2450863122940063,1.2430700063705444,1.2416107654571533,1.2432235479354858,1.2385982275009155,1.2409143447875977,1.2372392416000366,1.2407878637313843,1.2377922534942627,1.239815592765808,1.238211989402771,1.2374290227890015,1.2409762144088745,1.2407127618789673,1.2448924779891968,1.2483469247817993,1.250913381576538,1.2499159574508667,1.2523128986358643,1.2520231008529663,1.2538946866989136,1.2530300617218018,1.2539753913879395,1.255855917930603,1.258378267288208,1.2603336572647095,1.2560944557189941,1.2583396434783936,1.2619012594223022,1.2638788223266602,1.2638412714004517,1.2688945531845093,1.2741501331329346,1.2755749225616455,1.2803049087524414,1.2825125455856323,1.2866623401641846,1.289953351020813,1.2937252521514893,1.298693299293518,1.304097056388855,1.307529091835022,1.3108936548233032,1.3130894899368286,1.3165301084518433,1.3188081979751587
"<Genome {'input_shape': (3, 32, 32), 'output_feature_depth': 10, 'genes': [<Gene {'node': <MaxPoolNode {'input_shapes': [(3, 32, 32)]}>, 'input_indices': [-1], 'input_shapes': [(3, 32, 32)]}>, <Gene {'node': <AvgPoolNode {'input_shapes': [(3, 32, 32)]}>, 'input_indices': [-1], 'input_shapes': [(3, 32, 32)]}>, <Gene {'node': <ConvNode {'input_shapes': [(3, 32, 32)], '_ConvNode__input_shape': (3, 32, 32), '_ConvNode__output_feature_depth': 128, 'kernel_size': 3}>, 'input_indices': [-1], 'input_shapes': [(3, 32, 32)]}>, <Gene {'node': <DepSepConvNode {'input_shapes': [(128, 32, 32)], '_DepSepConvNode__input_shape': (128, 32, 32), '_DepSepConvNode__output_feature_depth': 32, 'kernel_size': 5}>, 'input_indices': [2], 'input_shapes': [(128, 32, 32)]}>, <Gene {'node': <ConvNode {'input_shapes': [(3, 16, 16)], '_ConvNode__input_shape': (3, 16, 16), '_ConvNode__output_feature_depth': 128, 'kernel_size': 3}>, 'input_indices': [0], 'input_shapes': [(3, 16, 16)]}>, <Gene {'node': <ConvNode {'input_shapes': [(32, 32, 32)], '_ConvNode__input_shape': (32, 32, 32), '_ConvNode__output_feature_depth': 128, 'kernel_size': 1}>, 'input_indices': [3], 'input_shapes': [(32, 32, 32)]}>, <Gene {'node': <ConvNode {'input_shapes': [(128, 32, 32)], '_ConvNode__input_shape': (128, 32, 32), '_ConvNode__output_feature_depth': 32, 'kernel_size': 3}>, 'input_indices': [5], 'input_shapes': [(128, 32, 32)]}>, <Gene {'node': <AvgPoolNode {'input_shapes': [(128, 16, 16)]}>, 'input_indices': [4], 'input_shapes': [(128, 16, 16)]}>, <Gene {'node': <SumNode {'input_shapes': [(32, 32, 32), (128, 16, 16)]}>, 'input_indices': [3, 4], 'input_shapes': [(32, 32, 32), (128, 16, 16)]}>, <Gene {'node': <AvgPoolNode {'input_shapes': [(32, 32, 32)]}>, 'input_indices': [3], 'input_shapes': [(32, 32, 32)]}>]}>",2.82055401802063,1.7889889478683472,1.6957238912582397,1.619244933128357,1.558165192604065,1.5035556554794312,1.4565379619598389,1.409476637840271,1.365861415863037,1.3276747465133667,1.290164589881897,1.2557601928710938,1.2248809337615967,1.1977981328964233,1.1722749471664429,1.1480059623718262,1.1238387823104858,1.1001983880996704,1.0769413709640503,1.0570886135101318,1.0374149084091187,1.0214087963104248,1.0020184516906738,0.9835932850837708,0.965886652469635,0.9486219882965088,0.9327335953712463,0.9195532202720642,0.9034562110900879,0.8867024183273315,0.8706804513931274,0.8529627919197083,0.8367878794670105,0.8197924494743347,0.7993271350860596,0.7831069231033325,0.771007239818573,0.7551200985908508,0.7530829906463623,0.7442265748977661,0.7362066507339478,0.7275556921958923,0.7096806168556213,0.6953068375587463,0.6817190647125244,0.6680046319961548,0.653618574142456,0.6364063620567322,0.620659589767456,0.6020098328590393,0.5852547883987427,0.5759945511817932,0.5720527172088623,0.5662820339202881,0.5674363374710083,0.5787014961242676,0.5671436786651611,0.5746092796325684,0.5885964632034302,0.543806791305542,0.5238304138183594,0.4662322402000427,0.4580366015434265,0.4558238685131073,0.43808072805404663,0.42640817165374756,0.4044979512691498,0.3919038772583008,0.38891708850860596,0.37672585248947144,0.3711494207382202,0.3571976125240326,0.34035611152648926,0.33965784311294556,0.33539530634880066,0.3287322223186493,0.33240047097206116,0.3528900146484375,0.3495088517665863,0.29217371344566345,0.31891706585884094,0.2864381670951843,0.2909471094608307,0.32077258825302124,0.2931293547153473,0.26974883675575256,0.28175997734069824,0.25433602929115295,0.2658146917819977,0.27168506383895874,0.2461375594139099,0.23623213171958923,0.20477011799812317,0.23011456429958344,0.23734506964683533,0.1869194507598877,0.17619837820529938,0.1313490867614746,0.17781953513622284,0.3078007102012634,0.3996049463748932,2.842302083969116,1.7723667621612549,1.67816960811615,1.6084390878677368,1.5519952774047852,1.504454493522644,1.4665535688400269,1.4297354221343994,1.3959535360336304,1.3677176237106323,1.3417012691497803,1.3198317289352417,1.3018890619277954,1.2875396013259888,1.2746165990829468,1.2640916109085083,1.254025936126709,1.2453720569610596,1.23605215549469,1.2301931381225586,1.2258617877960205,1.224292278289795,1.219596266746521,1.2151464223861694,1.209783673286438,1.200412631034851,1.1915732622146606,1.1854479312896729,1.1806081533432007,1.1783729791641235,1.1766366958618164,1.176196813583374,1.1769341230392456,1.1775844097137451,1.1745316982269287,1.1755427122116089,1.1818968057632446,1.1876444816589355,1.2033178806304932,1.214569330215454,1.2290104627609253,1.2450989484786987,1.2530068159103394,1.260426640510559,1.269060730934143,1.2739548683166504,1.2815009355545044,1.2877531051635742,1.2948006391525269,1.2971066236495972,1.308265209197998,1.320052146911621,1.3397951126098633,1.363111972808838,1.399701476097107,1.442887544631958,1.4632574319839478,1.4849189519882202,1.5156883001327515,1.4834760427474976,1.4813605546951294,1.4673446416854858,1.4926791191101074,1.539535403251648,1.5499887466430664,1.540917158126831,1.531789779663086,1.5339329242706299,1.5463802814483643,1.561483383178711,1.5676168203353882,1.5869172811508179,1.5989654064178467,1.6388367414474487,1.6725252866744995,1.709800362586975,1.755716323852539,1.783395767211914,1.8076937198638916,1.7904037237167358,1.8291698694229126,1.8131675720214844,1.6945667266845703,1.651958703994751,1.7679203748703003,1.8108221292495728,1.8605183362960815,1.8603382110595703,1.8517745733261108,1.8913239240646362,1.8406108617782593,1.8398287296295166,1.8114427328109741,1.8606055974960327,1.9269388914108276,1.8290256261825562,1.829169511795044,1.8359758853912354,1.9050934314727783,2.018488645553589,2.1670620441436768
"<Genome {'input_shape': (3, 32, 32), 'output_feature_depth': 10, 'genes': [<Gene {'node': <ConvNode {'input_shapes': [(3, 32, 32)], '_ConvNode__input_shape': (3, 32, 32), '_ConvNode__output_feature_depth': 128, 'kernel_size': 3}>, 'input_indices': [-1], 'input_shapes': [(3, 32, 32)]}>, <Gene {'node': <CatNode {'input_shapes': [(128, 32, 32), (128, 32, 32)]}>, 'input_indices': [0, 0], 'input_shapes': [(128, 32, 32), (128, 32, 32)]}>, <Gene {'node': <CatNode {'input_shapes': [(256, 128, 128), (3, 32, 32)]}>, 'input_indices': [1, -1], 'input_shapes': [(256, 128, 128), (3, 32, 32)]}>, <Gene {'node': <MaxPoolNode {'input_shapes': [(256, 128, 128)]}>, 'input_indices': [1], 'input_shapes': [(256, 128, 128)]}>, <Gene {'node': <SumNode {'input_shapes': [(128, 32, 32), (3, 32, 32)]}>, 'input_indices': [0, -1], 'input_shapes': [(128, 32, 32), (3, 32, 32)]}>, <Gene {'node': <AvgPoolNode {'input_shapes': [(259, 256, 256)]}>, 'input_indices': [2], 'input_shapes': [(259, 256, 256)]}>, <Gene {'node': <MaxPoolNode {'input_shapes': [(259, 256, 256)]}>, 'input_indices': [2], 'input_shapes': [(259, 256, 256)]}>, <Gene {'node': <DepSepConvNode {'input_shapes': [(256, 64, 64)], '_DepSepConvNode__input_shape': (256, 64, 64), '_DepSepConvNode__output_feature_depth': 32, 'kernel_size': 5}>, 'input_indices': [3], 'input_shapes': [(256, 64, 64)]}>, <Gene {'node': <DepSepConvNode {'input_shapes': [(256, 128, 128)], '_DepSepConvNode__input_shape': (256, 128, 128), '_DepSepConvNode__output_feature_depth': 64, 'kernel_size': 3}>, 'input_indices': [1], 'input_shapes': [(256, 128, 128)]}>, <Gene {'node': <DepSepConvNode {'input_shapes': [(256, 64, 64)], '_DepSepConvNode__input_shape': (256, 64, 64), '_DepSepConvNode__output_feature_depth': 256, 'kernel_size': 5}>, 'input_indices': [3], 'input_shapes': [(256, 64, 64)]}>]}>",4.668854236602783,1.8102644681930542,1.6859631538391113,1.600805401802063,1.5378209352493286,1.4796271324157715,1.4293159246444702,1.3857154846191406,1.3462392091751099,1.3107430934906006,1.2770826816558838,1.2474548816680908,1.2190643548965454,1.1910569667816162,1.167197346687317,1.1410713195800781,1.1193360090255737,1.096894383430481,1.074635624885559,1.0526583194732666,1.0313109159469604,1.010035753250122,0.9886062145233154,0.9679943919181824,0.9485318660736084,0.9289903044700623,0.9109723567962646,0.8916005492210388,0.8723369240760803,0.8525585532188416,0.834837019443512,0.8168848752975464,0.7982174754142761,0.7800696492195129,0.7626521587371826,0.7449973225593567,0.7270953059196472,0.7097811698913574,0.6930947303771973,0.6755939722061157,0.6586524844169617,0.6412950754165649,0.6252874135971069,0.6101041436195374,0.595532238483429,0.5793784260749817,0.5657408237457275,0.5516359806060791,0.5367599725723267,0.5238440632820129,0.5126767754554749,0.5017906427383423,0.491218626499176,0.47987252473831177,0.46996042132377625,0.4593639075756073,0.44893190264701843,0.43746936321258545,0.4277348518371582,0.4161480963230133,0.4028322398662567,0.38863831758499146,0.3782309591770172,0.3662765622138977,0.3553861081600189,0.3457358479499817,0.33640915155410767,0.32337686419487,0.3139699101448059,0.3011583983898163,0.28974297642707825,0.2781914174556732,0.273485392332077,0.2661760151386261,0.26198267936706543,0.2617667019367218,0.25785696506500244,0.2503437399864197,0.2463448941707611,0.2344990074634552,0.22809499502182007,0.22015254199504852,0.20642463862895966,0.22016216814517975,0.2056320458650589,0.17269115149974823,0.17720471322536469,0.16599279642105103,0.14887405931949615,0.13191384077072144,0.12220476567745209,0.11472170054912567,0.10503064841032028,0.0944092646241188,0.08986548334360123,0.0881887748837471,0.08616948872804642,0.08482947945594788,0.08255396783351898,0.08000289648771286,0.07701326161623001,4.581231117248535,1.7825430631637573,1.6655088663101196,1.5880049467086792,1.5352205038070679,1.4898827075958252,1.4513919353485107,1.4205564260482788,1.3938846588134766,1.3711421489715576,1.3501712083816528,1.33225417137146,1.3149197101593018,1.3002008199691772,1.2867549657821655,1.2747611999511719,1.263599157333374,1.2535632848739624,1.2443801164627075,1.2345203161239624,1.2261868715286255,1.2181025743484497,1.2100982666015625,1.2031545639038086,1.1972519159317017,1.1925501823425293,1.1889631748199463,1.1844110488891602,1.1808727979660034,1.1764070987701416,1.173105239868164,1.170748233795166,1.1667269468307495,1.164664626121521,1.163689136505127,1.1610479354858398,1.1596235036849976,1.1576722860336304,1.1572366952896118,1.155845046043396,1.1551989316940308,1.1539169549942017,1.1532626152038574,1.154054880142212,1.1541780233383179,1.1524165868759155,1.1531412601470947,1.1533676385879517,1.152887225151062,1.154894232749939,1.1599653959274292,1.1653625965118408,1.17031991481781,1.1748085021972656,1.1807907819747925,1.1873706579208374,1.1954587697982788,1.2019907236099243,1.2116408348083496,1.2202166318893433,1.2283015251159668,1.2298364639282227,1.2375563383102417,1.240837574005127,1.2452830076217651,1.2554430961608887,1.2654772996902466,1.2712647914886475,1.2790192365646362,1.2868765592575073,1.2895972728729248,1.2972509860992432,1.3100028038024902,1.3173964023590088,1.3287969827651978,1.3351757526397705,1.3400912284851074,1.3435499668121338,1.347155213356018,1.3466548919677734,1.350422739982605,1.3601845502853394,1.3627290725708008,1.3981188535690308,1.4183422327041626,1.3744633197784424,1.397151231765747,1.3791427612304688,1.4101389646530151,1.416500449180603,1.413032054901123,1.4254963397979736,1.4377840757369995,1.4470624923706055,1.4636719226837158,1.4837535619735718,1.4966827630996704,1.5050578117370605,1.5112111568450928,1.5169312953948975,1.5217385292053223
"<Genome {'input_shape': (3, 32, 32), 'output_feature_depth': 10, 'genes': [<Gene {'node': <CatNode {'input_shapes': [(3, 32, 32), (3, 32, 32)]}>, 'input_indices': [-1, -1], 'input_shapes': [(3, 32, 32), (3, 32, 32)]}>, <Gene {'node': <SumNode {'input_shapes': [(3, 32, 32), (6, 3, 3)]}>, 'input_indices': [-1, 0], 'input_shapes': [(3, 32, 32), (6, 3, 3)]}>, <Gene {'node': <ConvNode {'input_shapes': [(6, 6, 6)], '_ConvNode__input_shape': (6, 6, 6), '_ConvNode__output_feature_depth': 128, 'kernel_size': 1}>, 'input_indices': [1], 'input_shapes': [(6, 6, 6)]}>, <Gene {'node': <MaxPoolNode {'input_shapes': [(128, 6, 6)]}>, 'input_indices': [2], 'input_shapes': [(128, 6, 6)]}>, <Gene {'node': <SumNode {'input_shapes': [(3, 32, 32), (128, 3, 3)]}>, 'input_indices': [-1, 3], 'input_shapes': [(3, 32, 32), (128, 3, 3)]}>, <Gene {'node': <CatNode {'input_shapes': [(3, 32, 32), (6, 6, 6)]}>, 'input_indices': [-1, 1], 'input_shapes': [(3, 32, 32), (6, 6, 6)]}>, <Gene {'node': <MaxPoolNode {'input_shapes': [(3, 32, 32)]}>, 'input_indices': [-1], 'input_shapes': [(3, 32, 32)]}>, <Gene {'node': <CatNode {'input_shapes': [(3, 32, 32), (128, 3, 3)]}>, 'input_indices': [-1, 3], 'input_shapes': [(3, 32, 32), (128, 3, 3)]}>, <Gene {'node': <AvgPoolNode {'input_shapes': [(9, 6, 6)]}>, 'input_indices': [5], 'input_shapes': [(9, 6, 6)]}>, <Gene {'node': <MaxPoolNode {'input_shapes': [(3, 16, 16)]}>, 'input_indices': [6], 'input_shapes': [(3, 16, 16)]}>]}>",2.711242437362671,2.0820682048797607,2.0257527828216553,1.9981451034545898,1.9819940328598022,1.9716410636901855,1.9636858701705933,1.9570897817611694,1.950960636138916,1.9445714950561523,1.9386961460113525,1.9324833154678345,1.9274054765701294,1.9226062297821045,1.918015718460083,1.913647174835205,1.909589171409607,1.9056675434112549,1.902032494544983,1.8989856243133545,1.8945978879928589,1.891676664352417,1.8879770040512085,1.8845796585083008,1.8841739892959595,1.8776606321334839,1.8740220069885254,1.8717176914215088,1.8693417310714722,1.8664826154708862,1.8634718656539917,1.8600349426269531,1.8578256368637085,1.8547663688659668,1.8516337871551514,1.849351167678833,1.8467642068862915,1.8443468809127808,1.8421554565429688,1.8394831418991089,1.8368269205093384,1.8344589471817017,1.8327867984771729,1.829512596130371,1.83001708984375,1.826076865196228,1.8236947059631348,1.8218145370483398,1.819890022277832,1.8188776969909668,1.8168803453445435,1.814827799797058,1.8138799667358398,1.8120536804199219,1.8105930089950562,1.8094016313552856,1.8067232370376587,1.8066632747650146,1.8050427436828613,1.8044018745422363,1.8029905557632446,1.8017408847808838,1.800646185874939,1.799570083618164,1.7985631227493286,1.7976040840148926,1.796666145324707,1.7957496643066406,1.7949368953704834,1.79391348361969,1.7931580543518066,1.793558120727539,1.7920281887054443,1.7907813787460327,1.7905080318450928,1.7897863388061523,1.7889893054962158,1.788406252861023,1.7877548933029175,1.787257432937622,1.786573886871338,1.7871938943862915,1.7855156660079956,1.783809781074524,1.7849549055099487,1.782733678817749,1.7843167781829834,1.7826426029205322,1.7813687324523926,1.7823477983474731,1.7809239625930786,1.7804579734802246,1.7799289226531982,1.7797516584396362,1.779218077659607,1.7790056467056274,1.7784463167190552,1.7783929109573364,1.7775593996047974,1.7776681184768677,1.7767786979675293,2.687669038772583,2.0636062622070312,2.010472536087036,1.9869316816329956,1.9730781316757202,1.965011477470398,1.9599475860595703,1.9563274383544922,1.953094482421875,1.9494571685791016,1.9473034143447876,1.9452375173568726,1.9425734281539917,1.9392290115356445,1.936043381690979,1.9326943159103394,1.9296207427978516,1.9264967441558838,1.9236767292022705,1.920444130897522,1.919354796409607,1.9158439636230469,1.9140490293502808,1.9119541645050049,1.914332389831543,1.9092075824737549,1.9062107801437378,1.9045298099517822,1.9025958776474,1.9008651971817017,1.8988136053085327,1.896484375,1.8943918943405151,1.8923485279083252,1.8907873630523682,1.888450264930725,1.8873484134674072,1.8878490924835205,1.8847965002059937,1.8840773105621338,1.8828932046890259,1.8792428970336914,1.8794454336166382,1.8778505325317383,1.8790572881698608,1.872802972793579,1.873789668083191,1.8725255727767944,1.8717974424362183,1.8683470487594604,1.8692337274551392,1.868655800819397,1.8652433156967163,1.8660415410995483,1.862898826599121,1.8646458387374878,1.8540233373641968,1.859783411026001,1.8513497114181519,1.854587197303772,1.8585761785507202,1.8579765558242798,1.8572992086410522,1.8567088842391968,1.8561309576034546,1.855636477470398,1.8549549579620361,1.8544880151748657,1.8540620803833008,1.8535083532333374,1.8504778146743774,1.8502171039581299,1.8527166843414307,1.8509209156036377,1.8513418436050415,1.8502674102783203,1.8501652479171753,1.8500174283981323,1.8495839834213257,1.8495992422103882,1.8493070602416992,1.8483831882476807,1.8483963012695312,1.8319587707519531,1.8424204587936401,1.8319324254989624,1.8402795791625977,1.843976616859436,1.8302465677261353,1.8387136459350586,1.840578317642212,1.8399991989135742,1.840414047241211,1.8399956226348877,1.8406883478164673,1.8405542373657227,1.8410065174102783,1.8403701782226562,1.8404546976089478,1.8400862216949463,1.8398733139038086
"<Genome {'input_shape': (3, 32, 32), 'output_feature_depth': 10, 'genes': [<Gene {'node': <CatNode {'input_shapes': [(3, 32, 32), (3, 32, 32)]}>, 'input_indices': [-1, -1], 'input_shapes': [(3, 32, 32), (3, 32, 32)]}>, <Gene {'node': <DepSepConvNode {'input_shapes': [(3, 32, 32)], '_DepSepConvNode__input_shape': (3, 32, 32), '_DepSepConvNode__output_feature_depth': 64, 'kernel_size': 5}>, 'input_indices': [-1], 'input_shapes': [(3, 32, 32)]}>, <Gene {'node': <ConvNode {'input_shapes': [(3, 32, 32)], '_ConvNode__input_shape': (3, 32, 32), '_ConvNode__output_feature_depth': 256, 'kernel_size': 1}>, 'input_indices': [-1], 'input_shapes': [(3, 32, 32)]}>, <Gene {'node': <AvgPoolNode {'input_shapes': [(6, 3, 3)]}>, 'input_indices': [0], 'input_shapes': [(6, 3, 3)]}>, <Gene {'node': <MaxPoolNode {'input_shapes': [(64, 32, 32)]}>, 'input_indices': [1], 'input_shapes': [(64, 32, 32)]}>, <Gene {'node': <ConvNode {'input_shapes': [(64, 32, 32)], '_ConvNode__input_shape': (64, 32, 32), '_ConvNode__output_feature_depth': 256, 'kernel_size': 3}>, 'input_indices': [1], 'input_shapes': [(64, 32, 32)]}>, <Gene {'node': <AvgPoolNode {'input_shapes': [(3, 32, 32)]}>, 'input_indices': [-1], 'input_shapes': [(3, 32, 32)]}>, <Gene {'node': <MaxPoolNode {'input_shapes': [(3, 32, 32)]}>, 'input_indices': [-1], 'input_shapes': [(3, 32, 32)]}>, <Gene {'node': <MaxPoolNode {'input_shapes': [(3, 16, 16)]}>, 'input_indices': [7], 'input_shapes': [(3, 16, 16)]}>, <Gene {'node': <MaxPoolNode {'input_shapes': [(6, 1, 1)]}>, 'input_indices': [3], 'input_shapes': [(6, 1, 1)]}>]}>",3.149495840072632,1.724529504776001,1.622536540031433,1.5593886375427246,1.510944128036499,1.470450758934021,1.4376364946365356,1.4099723100662231,1.385158658027649,1.3615705966949463,1.3406181335449219,1.3211373090744019,1.3018580675125122,1.2849693298339844,1.269848108291626,1.2547085285186768,1.2401260137557983,1.2224225997924805,1.2075291872024536,1.1924092769622803,1.180256962776184,1.1627256870269775,1.1493709087371826,1.1320064067840576,1.1170295476913452,1.1017944812774658,1.0895389318466187,1.0776751041412354,1.0632661581039429,1.0507005453109741,1.0371172428131104,1.0254034996032715,1.011094570159912,0.9997126460075378,0.9867523312568665,0.9742441773414612,0.9581677317619324,0.9464632868766785,0.9370763301849365,0.9230189323425293,0.9103186726570129,0.8981521129608154,0.8917458057403564,0.8822596669197083,0.8677614331245422,0.8656406998634338,0.8564884662628174,0.8424097895622253,0.8312031626701355,0.8188086748123169,0.8038476705551147,0.7872862219810486,0.7712368369102478,0.7648568153381348,0.7456092238426208,0.7375218868255615,0.726744532585144,0.7145106196403503,0.6967295408248901,0.6834411025047302,0.6739208102226257,0.6575936079025269,0.6505771279335022,0.6380757689476013,0.6297430396080017,0.6164242625236511,0.6060865521430969,0.5926553010940552,0.5782415270805359,0.5625947117805481,0.5475573539733887,0.5385253429412842,0.530523419380188,0.5150731801986694,0.5079282522201538,0.49492719769477844,0.48628535866737366,0.47837308049201965,0.47735193371772766,0.47171276807785034,0.4635844826698303,0.468740850687027,0.49166613817214966,0.4801834523677826,0.4742755591869354,0.4635159969329834,0.4391552805900574,0.42593061923980713,0.4225420653820038,0.4072529077529907,0.4063597321510315,0.40728312730789185,0.39876195788383484,0.3907817602157593,0.3835813105106354,0.39007502794265747,0.3927846848964691,0.3959554433822632,0.38715147972106934,0.3988291919231415,0.40011295676231384,3.138242244720459,1.7214984893798828,1.631132960319519,1.5772182941436768,1.5386351346969604,1.508030891418457,1.4847875833511353,1.4656102657318115,1.4488474130630493,1.434057593345642,1.4211779832839966,1.410027027130127,1.3985263109207153,1.3897823095321655,1.3812958002090454,1.3735439777374268,1.3661149740219116,1.3556660413742065,1.3477891683578491,1.340247631072998,1.3366159200668335,1.3286069631576538,1.323886513710022,1.3172131776809692,1.3104358911514282,1.3037002086639404,1.3025516271591187,1.3010600805282593,1.2974878549575806,1.2966428995132446,1.294820785522461,1.293481469154358,1.2904077768325806,1.290427327156067,1.2893636226654053,1.2889388799667358,1.2854294776916504,1.2873903512954712,1.291061282157898,1.290627121925354,1.294102430343628,1.2962969541549683,1.3037384748458862,1.3079580068588257,1.307653784751892,1.3196901082992554,1.324737548828125,1.326411485671997,1.3329557180404663,1.3371022939682007,1.33855402469635,1.3452684879302979,1.347304344177246,1.362378716468811,1.3626596927642822,1.3706014156341553,1.3745946884155273,1.3796281814575195,1.3808850049972534,1.3865805864334106,1.3938425779342651,1.3948476314544678,1.4092355966567993,1.4153311252593994,1.4259727001190186,1.4322575330734253,1.4372975826263428,1.4419487714767456,1.4477766752243042,1.4466794729232788,1.4531134366989136,1.4619494676589966,1.4734944105148315,1.4688608646392822,1.4801793098449707,1.4842380285263062,1.489071249961853,1.501400113105774,1.5166301727294922,1.5327746868133545,1.5424565076828003,1.5634530782699585,1.603102684020996,1.6145161390304565,1.634286880493164,1.6403309106826782,1.6429357528686523,1.6507339477539062,1.672000765800476,1.6703981161117554,1.6923567056655884,1.7080649137496948,1.7137155532836914,1.7152079343795776,1.7213701009750366,1.7472809553146362,1.7646697759628296,1.7863473892211914,1.7777668237686157,1.8124678134918213,1.8307384252548218
"<Genome {'input_shape': (3, 32, 32), 'output_feature_depth': 10, 'genes': [<Gene {'node': <SumNode {'input_shapes': [(3, 32, 32), (3, 32, 32)]}>, 'input_indices': [-1, -1], 'input_shapes': [(3, 32, 32), (3, 32, 32)]}>, <Gene {'node': <ConvNode {'input_shapes': [(3, 32, 32)], '_ConvNode__input_shape': (3, 32, 32), '_ConvNode__output_feature_depth': 256, 'kernel_size': 3}>, 'input_indices': [-1], 'input_shapes': [(3, 32, 32)]}>, <Gene {'node': <AvgPoolNode {'input_shapes': [(256, 32, 32)]}>, 'input_indices': [1], 'input_shapes': [(256, 32, 32)]}>, <Gene {'node': <DepSepConvNode {'input_shapes': [(256, 32, 32)], '_DepSepConvNode__input_shape': (256, 32, 32), '_DepSepConvNode__output_feature_depth': 64, 'kernel_size': 3}>, 'input_indices': [1], 'input_shapes': [(256, 32, 32)]}>, <Gene {'node': <DepSepConvNode {'input_shapes': [(64, 32, 32)], '_DepSepConvNode__input_shape': (64, 32, 32), '_DepSepConvNode__output_feature_depth': 128, 'kernel_size': 5}>, 'input_indices': [3], 'input_shapes': [(64, 32, 32)]}>, <Gene {'node': <DepSepConvNode {'input_shapes': [(3, 3, 3)], '_DepSepConvNode__input_shape': (3, 3, 3), '_DepSepConvNode__output_feature_depth': 128, 'kernel_size': 5}>, 'input_indices': [0], 'input_shapes': [(3, 3, 3)]}>, <Gene {'node': <AvgPoolNode {'input_shapes': [(128, 32, 32)]}>, 'input_indices': [4], 'input_shapes': [(128, 32, 32)]}>, <Gene {'node': <AvgPoolNode {'input_shapes': [(64, 32, 32)]}>, 'input_indices': [3], 'input_shapes': [(64, 32, 32)]}>, <Gene {'node': <MaxPoolNode {'input_shapes': [(128, 32, 32)]}>, 'input_indices': [4], 'input_shapes': [(128, 32, 32)]}>, <Gene {'node': <SumNode {'input_shapes': [(64, 16, 16), (256, 16, 16)]}>, 'input_indices': [7, 2], 'input_shapes': [(64, 16, 16), (256, 16, 16)]}>]}>",3.892000675201416,1.8175588846206665,1.6925312280654907,1.6183948516845703,1.557137131690979,1.4996402263641357,1.4562896490097046,1.4168120622634888,1.3772908449172974,1.3351224660873413,1.300391435623169,1.2663758993148804,1.2316118478775024,1.197776198387146,1.167259693145752,1.1409204006195068,1.1184206008911133,1.093108892440796,1.0701457262039185,1.0490719079971313,1.0272729396820068,1.0014293193817139,0.9752223491668701,0.9500187635421753,0.9220778942108154,0.8988925814628601,0.8755689263343811,0.8561081290245056,0.8365705013275146,0.8141714334487915,0.7940155863761902,0.7750374674797058,0.7552931308746338,0.7356249094009399,0.7175433039665222,0.6947859525680542,0.6794624924659729,0.6614781618118286,0.6459819674491882,0.6299400925636292,0.6208441257476807,0.610615611076355,0.5992166996002197,0.5820500254631042,0.5719314813613892,0.5648828148841858,0.5392526388168335,0.5268709659576416,0.518181324005127,0.511711835861206,0.509327232837677,0.5098662376403809,0.5125982761383057,0.4939727187156677,0.4807993173599243,0.4677203297615051,0.4607481360435486,0.4640689194202423,0.45436835289001465,0.4529229700565338,0.45410287380218506,0.47102099657058716,0.5026466846466064,0.4871455132961273,0.45325666666030884,0.4065096974372864,0.36086368560791016,0.3585318624973297,0.36697959899902344,0.3435613214969635,0.37972521781921387,0.34957048296928406,0.34419649839401245,0.31565263867378235,0.2970593571662903,0.2851928174495697,0.25280722975730896,0.2485395222902298,0.22369378805160522,0.2306976020336151,0.2452220916748047,0.24187789857387543,0.21830186247825623,0.2145790308713913,0.24850010871887207,0.2921980917453766,0.3889387845993042,0.2743850648403168,0.3063235580921173,0.19839154183864594,0.16867104172706604,0.16695481538772583,0.14937913417816162,0.14209868013858795,0.18959642946720123,0.2058439999818802,0.15546339750289917,0.13161949813365936,0.16189196705818176,0.12238634377717972,0.13003632426261902,3.8095455169677734,1.7934532165527344,1.668910026550293,1.5996980667114258,1.5460662841796875,1.495218276977539,1.4611626863479614,1.4314286708831787,1.4041534662246704,1.3764489889144897,1.3548227548599243,1.3333700895309448,1.312843680381775,1.2947673797607422,1.2793047428131104,1.2693606615066528,1.26137113571167,1.2516988515853882,1.247145175933838,1.242902398109436,1.2405518293380737,1.2350488901138306,1.23408842086792,1.2337214946746826,1.2287510633468628,1.2305976152420044,1.2348161935806274,1.2411588430404663,1.2476396560668945,1.2510417699813843,1.2610362768173218,1.2695521116256714,1.2795394659042358,1.284886360168457,1.2909554243087769,1.2963875532150269,1.308473825454712,1.3269579410552979,1.3421220779418945,1.34837806224823,1.3624228239059448,1.3794065713882446,1.3924970626831055,1.4003429412841797,1.4197287559509277,1.4387733936309814,1.436792016029358,1.4542262554168701,1.4734960794448853,1.50740385055542,1.5402554273605347,1.586328387260437,1.6361134052276611,1.651300311088562,1.667140007019043,1.6820385456085205,1.7060493230819702,1.728275179862976,1.7415624856948853,1.7568224668502808,1.7846548557281494,1.8144352436065674,1.865939736366272,1.8615827560424805,1.8582279682159424,1.7982689142227173,1.782632827758789,1.8076237440109253,1.82036292552948,1.8353817462921143,1.9266248941421509,1.9272583723068237,1.939668893814087,1.9481350183486938,1.9514906406402588,1.965149164199829,1.9770058393478394,2.0240347385406494,2.008406400680542,2.0371692180633545,2.1072871685028076,2.1561105251312256,2.127772569656372,2.1524665355682373,2.2243402004241943,2.290409564971924,2.3645412921905518,2.1146013736724854,2.1675374507904053,2.1560471057891846,2.1342129707336426,2.167759895324707,2.133653402328491,2.1459224224090576,2.2264082431793213,2.2588562965393066,2.2725586891174316,2.1977498531341553,2.240753412246704,2.2600762844085693,2.2571303844451904
"<Genome {'input_shape': (3, 32, 32), 'output_feature_depth': 10, 'genes': [<Gene {'node': <DepSepConvNode {'input_shapes': [(3, 32, 32)], '_DepSepConvNode__input_shape': (3, 32, 32), '_DepSepConvNode__output_feature_depth': 32, 'kernel_size': 5}>, 'input_indices': [-1], 'input_shapes': [(3, 32, 32)]}>, <Gene {'node': <MaxPoolNode {'input_shapes': [(3, 32, 32)]}>, 'input_indices': [-1], 'input_shapes': [(3, 32, 32)]}>, <Gene {'node': <MaxPoolNode {'input_shapes': [(3, 16, 16)]}>, 'input_indices': [1], 'input_shapes': [(3, 16, 16)]}>, <Gene {'node': <ConvNode {'input_shapes': [(3, 32, 32)], '_ConvNode__input_shape': (3, 32, 32), '_ConvNode__output_feature_depth': 64, 'kernel_size': 1}>, 'input_indices': [-1], 'input_shapes': [(3, 32, 32)]}>, <Gene {'node': <DepSepConvNode {'input_shapes': [(3, 8, 8)], '_DepSepConvNode__input_shape': (3, 8, 8), '_DepSepConvNode__output_feature_depth': 64, 'kernel_size': 3}>, 'input_indices': [2], 'input_shapes': [(3, 8, 8)]}>, <Gene {'node': <DepSepConvNode {'input_shapes': [(64, 32, 32)], '_DepSepConvNode__input_shape': (64, 32, 32), '_DepSepConvNode__output_feature_depth': 64, 'kernel_size': 5}>, 'input_indices': [3], 'input_shapes': [(64, 32, 32)]}>, <Gene {'node': <SumNode {'input_shapes': [(64, 32, 32), (32, 32, 32)]}>, 'input_indices': [5, 0], 'input_shapes': [(64, 32, 32), (32, 32, 32)]}>, <Gene {'node': <SumNode {'input_shapes': [(3, 16, 16), (64, 32, 32)]}>, 'input_indices': [1, 3], 'input_shapes': [(3, 16, 16), (64, 32, 32)]}>, <Gene {'node': <AvgPoolNode {'input_shapes': [(3, 16, 16)]}>, 'input_indices': [1], 'input_shapes': [(3, 16, 16)]}>, <Gene {'node': <AvgPoolNode {'input_shapes': [(3, 32, 32)]}>, 'input_indices': [-1], 'input_shapes': [(3, 32, 32)]}>]}>",3.7703261375427246,1.986304759979248,1.8977811336517334,1.8427112102508545,1.7999364137649536,1.7643283605575562,1.734535813331604,1.7090846300125122,1.6862229108810425,1.6656345129013062,1.6467199325561523,1.6292940378189087,1.613411784172058,1.5986263751983643,1.584323525428772,1.5709383487701416,1.5569313764572144,1.5433748960494995,1.530248761177063,1.5173041820526123,1.5047959089279175,1.492197036743164,1.4802368879318237,1.468558430671692,1.4570934772491455,1.4459099769592285,1.43497896194458,1.424507975578308,1.4141337871551514,1.4041669368743896,1.3948043584823608,1.3855808973312378,1.3765968084335327,1.3681796789169312,1.3600261211395264,1.3519525527954102,1.3441649675369263,1.3363701105117798,1.3289252519607544,1.32168447971344,1.315161108970642,1.3080341815948486,1.3009865283966064,1.2946606874465942,1.287594199180603,1.2808051109313965,1.2739466428756714,1.2669533491134644,1.260561466217041,1.2534880638122559,1.2480438947677612,1.2419812679290771,1.2358063459396362,1.2296932935714722,1.2242785692214966,1.2184946537017822,1.2129231691360474,1.207382082939148,1.2023699283599854,1.196956992149353,1.1918575763702393,1.186902642250061,1.1821889877319336,1.1772645711898804,1.1727079153060913,1.1682908535003662,1.1641590595245361,1.1603600978851318,1.156264066696167,1.1518663167953491,1.1480568647384644,1.1443541049957275,1.1406677961349487,1.137081265449524,1.133484959602356,1.1299033164978027,1.1256842613220215,1.12245774269104,1.1196767091751099,1.11668062210083,1.1133768558502197,1.1100122928619385,1.1072651147842407,1.103604793548584,1.0992934703826904,1.0970109701156616,1.0945662260055542,1.09159517288208,1.0885412693023682,1.0862420797348022,1.0832375288009644,1.0777736902236938,1.075099229812622,1.074258804321289,1.07206392288208,1.0690929889678955,1.0656732320785522,1.0647534132003784,1.0614955425262451,1.056201696395874,1.05463445186615,3.668999195098877,1.9711769819259644,1.894416093826294,1.8440144062042236,1.8059732913970947,1.7734991312026978,1.745627999305725,1.7217711210250854,1.7003984451293945,1.6818100214004517,1.6655149459838867,1.6512619256973267,1.6390174627304077,1.627916932106018,1.6170539855957031,1.6062862873077393,1.5945245027542114,1.5832394361495972,1.5723577737808228,1.561990737915039,1.5519970655441284,1.5421017408370972,1.5326833724975586,1.5235356092453003,1.5149978399276733,1.5068068504333496,1.4989737272262573,1.4919151067733765,1.485073447227478,1.4781378507614136,1.4717247486114502,1.465842843055725,1.4602093696594238,1.4549915790557861,1.4498653411865234,1.4448941946029663,1.4403139352798462,1.4350910186767578,1.4307754039764404,1.426123023033142,1.4227004051208496,1.418559193611145,1.4151699542999268,1.4117745161056519,1.4081834554672241,1.4054250717163086,1.4027985334396362,1.4000916481018066,1.3974722623825073,1.3952875137329102,1.3938499689102173,1.3911179304122925,1.3884940147399902,1.3869223594665527,1.3856563568115234,1.3829586505889893,1.3812280893325806,1.3798060417175293,1.378693699836731,1.3768872022628784,1.3760743141174316,1.3753490447998047,1.3750368356704712,1.3741894960403442,1.373176097869873,1.372653841972351,1.3720797300338745,1.3718050718307495,1.3710708618164062,1.3700056076049805,1.3695324659347534,1.369066834449768,1.3685977458953857,1.3681130409240723,1.3680399656295776,1.3673642873764038,1.3670610189437866,1.36701238155365,1.366517424583435,1.3663361072540283,1.3662991523742676,1.3661960363388062,1.366550326347351,1.3665828704833984,1.366725206375122,1.3669471740722656,1.3670549392700195,1.3671525716781616,1.3670059442520142,1.3671327829360962,1.3666470050811768,1.366371750831604,1.366536021232605,1.365864634513855,1.366721510887146,1.3664741516113281,1.366815209388733,1.3673375844955444,1.3671908378601074,1.3670976161956787,1.3668309450149536
"<Genome {'input_shape': (3, 32, 32), 'output_feature_depth': 10, 'genes': [<Gene {'node': <SumNode {'input_shapes': [(3, 32, 32), (3, 32, 32)]}>, 'input_indices': [-1, -1], 'input_shapes': [(3, 32, 32), (3, 32, 32)]}>, <Gene {'node': <MaxPoolNode {'input_shapes': [(3, 3, 3)]}>, 'input_indices': [0], 'input_shapes': [(3, 3, 3)]}>, <Gene {'node': <ConvNode {'input_shapes': [(3, 1, 1)], '_ConvNode__input_shape': (3, 1, 1), '_ConvNode__output_feature_depth': 64, 'kernel_size': 3}>, 'input_indices': [1], 'input_shapes': [(3, 1, 1)]}>, <Gene {'node': <ConvNode {'input_shapes': [(64, 1, 1)], '_ConvNode__input_shape': (64, 1, 1), '_ConvNode__output_feature_depth': 64, 'kernel_size': 3}>, 'input_indices': [2], 'input_shapes': [(64, 1, 1)]}>, <Gene {'node': <ConvNode {'input_shapes': [(64, 1, 1)], '_ConvNode__input_shape': (64, 1, 1), '_ConvNode__output_feature_depth': 64, 'kernel_size': 3}>, 'input_indices': [3], 'input_shapes': [(64, 1, 1)]}>, <Gene {'node': <SumNode {'input_shapes': [(64, 1, 1), (64, 1, 1)]}>, 'input_indices': [3, 2], 'input_shapes': [(64, 1, 1), (64, 1, 1)]}>, <Gene {'node': <DepSepConvNode {'input_shapes': [(64, 1, 1)], '_DepSepConvNode__input_shape': (64, 1, 1), '_DepSepConvNode__output_feature_depth': 128, 'kernel_size': 3}>, 'input_indices': [2], 'input_shapes': [(64, 1, 1)]}>, <Gene {'node': <DepSepConvNode {'input_shapes': [(3, 32, 32)], '_DepSepConvNode__input_shape': (3, 32, 32), '_DepSepConvNode__output_feature_depth': 32, 'kernel_size': 5}>, 'input_indices': [-1], 'input_shapes': [(3, 32, 32)]}>, <Gene {'node': <AvgPoolNode {'input_shapes': [(64, 1, 1)]}>, 'input_indices': [4], 'input_shapes': [(64, 1, 1)]}>, <Gene {'node': <DepSepConvNode {'input_shapes': [(3, 32, 32)], '_DepSepConvNode__input_shape': (3, 32, 32), '_DepSepConvNode__output_feature_depth': 256, 'kernel_size': 5}>, 'input_indices': [-1], 'input_shapes': [(3, 32, 32)]}>]}>",4.270856857299805,1.8842068910598755,1.7638109922409058,1.686984658241272,1.6294654607772827,1.5816015005111694,1.5377225875854492,1.4957480430603027,1.4565500020980835,1.419908046722412,1.384477972984314,1.3513587713241577,1.3202133178710938,1.2896925210952759,1.2598321437835693,1.2299437522888184,1.2010002136230469,1.1721997261047363,1.1450045108795166,1.1173551082611084,1.090261459350586,1.0642621517181396,1.0408408641815186,1.0182127952575684,0.9955201148986816,0.9713922739028931,0.9496939182281494,0.9289072155952454,0.908848226070404,0.8883521556854248,0.8688936233520508,0.8499277830123901,0.8294639587402344,0.810566246509552,0.7890752553939819,0.7682444453239441,0.7466092705726624,0.7247020602226257,0.7031303644180298,0.6822471618652344,0.6612312197685242,0.6408604979515076,0.6191750764846802,0.5980450510978699,0.5770109295845032,0.5571422576904297,0.5395796895027161,0.5233470797538757,0.5083156228065491,0.49419137835502625,0.4831680953502655,0.47474074363708496,0.46168071031570435,0.44450604915618896,0.4324776232242584,0.41796353459358215,0.40362921357154846,0.38888266682624817,0.37089845538139343,0.3568885922431946,0.3452073037624359,0.3316866159439087,0.3212527334690094,0.3185045123100281,0.3242879807949066,0.3372950255870819,0.34317097067832947,0.3369283378124237,0.32409220933914185,0.33108022809028625,0.33410122990608215,0.3292090594768524,0.29024115204811096,0.27200308442115784,0.2699277400970459,0.2853289246559143,0.28885194659233093,0.2830456793308258,0.27685412764549255,0.2532263398170471,0.26991963386535645,0.3012752830982208,0.31970322132110596,0.274519681930542,0.29317206144332886,0.29004016518592834,0.277048259973526,0.24601750075817108,0.19232529401779175,0.21398046612739563,0.194078266620636,0.18688495457172394,0.14178012311458588,0.1581670641899109,0.17752401530742645,0.16375552117824554,0.15347890555858612,0.14030787348747253,0.14275656640529633,0.1456749439239502,0.14416415989398956,4.187586784362793,1.8792027235031128,1.7604191303253174,1.6869497299194336,1.6325063705444336,1.5880903005599976,1.5481966733932495,1.5127724409103394,1.4824402332305908,1.4560307264328003,1.4318264722824097,1.411034345626831,1.3922348022460938,1.373923659324646,1.3579299449920654,1.3426324129104614,1.3292073011398315,1.3168879747390747,1.3074101209640503,1.2971299886703491,1.28908371925354,1.2817144393920898,1.2775764465332031,1.2743151187896729,1.2717148065567017,1.2687314748764038,1.2680447101593018,1.2679330110549927,1.2695931196212769,1.2709404230117798,1.2728019952774048,1.2770956754684448,1.2783372402191162,1.2827478647232056,1.2852543592453003,1.290030837059021,1.2928311824798584,1.2972677946090698,1.3042035102844238,1.3082164525985718,1.3130782842636108,1.318381667137146,1.3236228227615356,1.3302531242370605,1.3371456861495972,1.3452638387680054,1.3529564142227173,1.359086275100708,1.3665498495101929,1.3765596151351929,1.3947086334228516,1.4193778038024902,1.429245948791504,1.4378336668014526,1.4529050588607788,1.4711353778839111,1.493722677230835,1.509566307067871,1.525767207145691,1.5420732498168945,1.5581727027893066,1.5569876432418823,1.5586230754852295,1.5787266492843628,1.6022106409072876,1.63619863986969,1.6810277700424194,1.73495614528656,1.7503341436386108,1.815930724143982,1.8203967809677124,1.8199398517608643,1.8022388219833374,1.7690714597702026,1.7381013631820679,1.7969560623168945,1.8232029676437378,1.8029282093048096,1.8292369842529297,1.812658667564392,1.863440752029419,1.9743572473526,2.064157247543335,2.0494749546051025,2.1146390438079834,2.137498617172241,2.129216194152832,2.1610381603240967,2.0692203044891357,2.1740150451660156,2.1373276710510254,2.1744611263275146,2.014852285385132,2.0902674198150635,2.1984195709228516,2.235112190246582,2.2664144039154053,2.2468345165252686,2.274458646774292,2.3255016803741455,2.3386411666870117
"<Genome {'input_shape': (3, 32, 32), 'output_feature_depth': 10, 'genes': [<Gene {'node': <MaxPoolNode {'input_shapes': [(3, 32, 32)]}>, 'input_indices': [-1], 'input_shapes': [(3, 32, 32)]}>, <Gene {'node': <CatNode {'input_shapes': [(3, 32, 32), (3, 32, 32)]}>, 'input_indices': [-1, -1], 'input_shapes': [(3, 32, 32), (3, 32, 32)]}>, <Gene {'node': <ConvNode {'input_shapes': [(6, 3, 3)], '_ConvNode__input_shape': (6, 3, 3), '_ConvNode__output_feature_depth': 32, 'kernel_size': 1}>, 'input_indices': [1], 'input_shapes': [(6, 3, 3)]}>, <Gene {'node': <SumNode {'input_shapes': [(32, 3, 3), (6, 3, 3)]}>, 'input_indices': [2, 1], 'input_shapes': [(32, 3, 3), (6, 3, 3)]}>, <Gene {'node': <DepSepConvNode {'input_shapes': [(32, 32, 32)], '_DepSepConvNode__input_shape': (32, 32, 32), '_DepSepConvNode__output_feature_depth': 128, 'kernel_size': 5}>, 'input_indices': [3], 'input_shapes': [(32, 32, 32)]}>, <Gene {'node': <CatNode {'input_shapes': [(3, 32, 32), (32, 3, 3)]}>, 'input_indices': [-1, 2], 'input_shapes': [(3, 32, 32), (32, 3, 3)]}>, <Gene {'node': <AvgPoolNode {'input_shapes': [(6, 3, 3)]}>, 'input_indices': [1], 'input_shapes': [(6, 3, 3)]}>, <Gene {'node': <MaxPoolNode {'input_shapes': [(3, 32, 32)]}>, 'input_indices': [-1], 'input_shapes': [(3, 32, 32)]}>, <Gene {'node': <DepSepConvNode {'input_shapes': [(6, 1, 1)], '_DepSepConvNode__input_shape': (6, 1, 1), '_DepSepConvNode__output_feature_depth': 256, 'kernel_size': 3}>, 'input_indices': [6], 'input_shapes': [(6, 1, 1)]}>, <Gene {'node': <DepSepConvNode {'input_shapes': [(32, 32, 32)], '_DepSepConvNode__input_shape': (32, 32, 32), '_DepSepConvNode__output_feature_depth': 256, 'kernel_size': 5}>, 'input_indices': [3], 'input_shapes': [(32, 32, 32)]}>]}>",5.4799017906188965,1.91238272190094,1.820129632949829,1.7501312494277954,1.6996780633926392,1.6622694730758667,1.6329991817474365,1.6084723472595215,1.5865734815597534,1.5659044981002808,1.5458608865737915,1.5268365144729614,1.5090378522872925,1.4918397665023804,1.4751718044281006,1.4588894844055176,1.4432861804962158,1.4284130334854126,1.4139928817749023,1.3999333381652832,1.3863117694854736,1.3732725381851196,1.3606730699539185,1.3490175008773804,1.3379250764846802,1.3269398212432861,1.3163769245147705,1.3065046072006226,1.2968374490737915,1.287285327911377,1.278085708618164,1.2694653272628784,1.2609305381774902,1.2529820203781128,1.2451845407485962,1.2376831769943237,1.2302395105361938,1.223070502281189,1.2162063121795654,1.209621548652649,1.203012466430664,1.1963889598846436,1.1899733543395996,1.1836365461349487,1.177377700805664,1.1712565422058105,1.165265679359436,1.1593600511550903,1.1534645557403564,1.1476742029190063,1.1415891647338867,1.1355550289154053,1.130179524421692,1.124520182609558,1.1189936399459839,1.1136150360107422,1.1081281900405884,1.1027899980545044,1.097489833831787,1.0922205448150635,1.087118148803711,1.0817492008209229,1.0764691829681396,1.071254849433899,1.06610107421875,1.061177372932434,1.0562232732772827,1.051184892654419,1.0460566282272339,1.04121994972229,1.0363463163375854,1.0314815044403076,1.0270570516586304,1.0222834348678589,1.0173817873001099,1.0125221014022827,1.007835865020752,1.0028266906738281,0.9977036714553833,0.9926152229309082,0.9878342151641846,0.9832137227058411,0.9788280129432678,0.973899781703949,0.9692542552947998,0.9642070531845093,0.960380494594574,0.9557996392250061,0.951268196105957,0.9469180107116699,0.9422849416732788,0.9380532503128052,0.9334027767181396,0.9290899634361267,0.9245032072067261,0.9200286865234375,0.9156748056411743,0.9112271666526794,0.9070450067520142,0.9025940895080566,0.8986896276473999,5.241844654083252,1.8990048170089722,1.820299744606018,1.7604131698608398,1.7173079252243042,1.6873890161514282,1.665603518486023,1.6477245092391968,1.6315265893936157,1.6157410144805908,1.600691795349121,1.586804747581482,1.5735255479812622,1.5606483221054077,1.5476711988449097,1.535609245300293,1.5244113206863403,1.514369249343872,1.5049002170562744,1.496051549911499,1.4875462055206299,1.4796451330184937,1.4719271659851074,1.4652177095413208,1.458916187286377,1.4529104232788086,1.4474210739135742,1.4423445463180542,1.437888264656067,1.433451771736145,1.4296295642852783,1.4264273643493652,1.423163890838623,1.4203381538391113,1.4174734354019165,1.4151043891906738,1.41291081905365,1.4105175733566284,1.408490538597107,1.4064750671386719,1.4044945240020752,1.4027204513549805,1.4010578393936157,1.3993780612945557,1.397847294807434,1.3963927030563354,1.3951013088226318,1.3937115669250488,1.3924278020858765,1.3911216259002686,1.389774203300476,1.3880866765975952,1.387266993522644,1.3860199451446533,1.3848063945770264,1.3840141296386719,1.3829411268234253,1.382595419883728,1.3819271326065063,1.3812445402145386,1.38063645362854,1.3800486326217651,1.3796852827072144,1.3794699907302856,1.3793202638626099,1.3792895078659058,1.3796027898788452,1.379293441772461,1.37919282913208,1.3792701959609985,1.3794586658477783,1.3793197870254517,1.3797688484191895,1.379598617553711,1.379683494567871,1.3792494535446167,1.379369854927063,1.3789056539535522,1.378445029258728,1.3779805898666382,1.3783409595489502,1.3790429830551147,1.3796184062957764,1.3793808221817017,1.3797245025634766,1.3796025514602661,1.3799179792404175,1.3797287940979004,1.3793941736221313,1.379555583000183,1.3798009157180786,1.3803319931030273,1.3804608583450317,1.3807839155197144,1.381313681602478,1.3813337087631226,1.3814486265182495,1.3818680047988892,1.382802963256836,1.3834785223007202,1.3847174644470215
"<Genome {'input_shape': (3, 32, 32), 'output_feature_depth': 10, 'genes': [<Gene {'node': <MaxPoolNode {'input_shapes': [(3, 32, 32)]}>, 'input_indices': [-1], 'input_shapes': [(3, 32, 32)]}>, <Gene {'node': <AvgPoolNode {'input_shapes': [(3, 32, 32)]}>, 'input_indices': [-1], 'input_shapes': [(3, 32, 32)]}>, <Gene {'node': <SumNode {'input_shapes': [(3, 16, 16), (3, 32, 32)]}>, 'input_indices': [0, -1], 'input_shapes': [(3, 16, 16), (3, 32, 32)]}>, <Gene {'node': <CatNode {'input_shapes': [(3, 16, 16), (3, 3, 3)]}>, 'input_indices': [0, 2], 'input_shapes': [(3, 16, 16), (3, 3, 3)]}>, <Gene {'node': <ConvNode {'input_shapes': [(6, 3, 3)], '_ConvNode__input_shape': (6, 3, 3), '_ConvNode__output_feature_depth': 128, 'kernel_size': 1}>, 'input_indices': [3], 'input_shapes': [(6, 3, 3)]}>, <Gene {'node': <ConvNode {'input_shapes': [(3, 16, 16)], '_ConvNode__input_shape': (3, 16, 16), '_ConvNode__output_feature_depth': 128, 'kernel_size': 3}>, 'input_indices': [1], 'input_shapes': [(3, 16, 16)]}>, <Gene {'node': <CatNode {'input_shapes': [(3, 32, 32), (3, 16, 16)]}>, 'input_indices': [-1, 0], 'input_shapes': [(3, 32, 32), (3, 16, 16)]}>, <Gene {'node': <MaxPoolNode {'input_shapes': [(128, 16, 16)]}>, 'input_indices': [5], 'input_shapes': [(128, 16, 16)]}>, <Gene {'node': <ConvNode {'input_shapes': [(128, 3, 3)], '_ConvNode__input_shape': (128, 3, 3), '_ConvNode__output_feature_depth': 128, 'kernel_size': 3}>, 'input_indices': [4], 'input_shapes': [(128, 3, 3)]}>, <Gene {'node': <ConvNode {'input_shapes': [(128, 16, 16)], '_ConvNode__input_shape': (128, 16, 16), '_ConvNode__output_feature_depth': 32, 'kernel_size': 1}>, 'input_indices': [5], 'input_shapes': [(128, 16, 16)]}>]}>",2.8123550415039062,1.916944980621338,1.8433080911636353,1.7871971130371094,1.741188883781433,1.7019110918045044,1.6654566526412964,1.6372206211090088,1.604154348373413,1.580214500427246,1.552866816520691,1.5280295610427856,1.5050522089004517,1.485426664352417,1.4659242630004883,1.4448065757751465,1.4226198196411133,1.398412823677063,1.3747378587722778,1.353829026222229,1.3326486349105835,1.3130711317062378,1.294936180114746,1.2785910367965698,1.2652466297149658,1.250735878944397,1.2372835874557495,1.2226182222366333,1.2071162462234497,1.1965699195861816,1.185672640800476,1.1716563701629639,1.1557350158691406,1.1396939754486084,1.126375675201416,1.1142005920410156,1.1015604734420776,1.0920119285583496,1.0830990076065063,1.0713748931884766,1.0645126104354858,1.0538976192474365,1.043210744857788,1.0338711738586426,1.0250871181488037,1.0131596326828003,1.0021045207977295,0.9909137487411499,0.9786924719810486,0.9686622023582458,0.9556117653846741,0.9464851021766663,0.9341802000999451,0.9247727394104004,0.9121595621109009,0.9050443172454834,0.8920360207557678,0.8921613097190857,0.8800079822540283,0.8681744337081909,0.8634747862815857,0.8535593152046204,0.846794843673706,0.8367670774459839,0.829352080821991,0.81800377368927,0.814702570438385,0.8108463287353516,0.8034653067588806,0.8006792068481445,0.7947389483451843,0.786513090133667,0.7853993773460388,0.7806575298309326,0.7705456614494324,0.7644786834716797,0.7539495229721069,0.7478408813476562,0.7389150857925415,0.7331182956695557,0.7266948223114014,0.7188306450843811,0.7160828709602356,0.7052419781684875,0.701613187789917,0.6973788738250732,0.6874169707298279,0.6797156929969788,0.673285722732544,0.6663551330566406,0.6580867767333984,0.6516639590263367,0.6466989517211914,0.6406574249267578,0.6405097842216492,0.64635169506073,0.6404973268508911,0.6356827020645142,0.6301283836364746,0.6292703151702881,0.6260164380073547,2.827866554260254,1.9210138320922852,1.8458598852157593,1.7969805002212524,1.7566823959350586,1.7247358560562134,1.6906156539916992,1.6663464307785034,1.640342116355896,1.6182154417037964,1.5942906141281128,1.5734286308288574,1.5541863441467285,1.5406755208969116,1.524795413017273,1.5077184438705444,1.4916609525680542,1.4714938402175903,1.456787347793579,1.439543604850769,1.4309313297271729,1.4190961122512817,1.41055428981781,1.3989124298095703,1.3924797773361206,1.3789151906967163,1.3720417022705078,1.360345721244812,1.3528293371200562,1.3488305807113647,1.3471869230270386,1.341711401939392,1.3373243808746338,1.3343021869659424,1.331016182899475,1.3325825929641724,1.331758975982666,1.3359594345092773,1.340588927268982,1.3392609357833862,1.350363850593567,1.354823350906372,1.3577507734298706,1.3623765707015991,1.3677477836608887,1.368679404258728,1.3701591491699219,1.37175452709198,1.3732672929763794,1.3768091201782227,1.3759361505508423,1.3772791624069214,1.3794411420822144,1.3850783109664917,1.386649250984192,1.3903396129608154,1.3903459310531616,1.4033063650131226,1.4072000980377197,1.4106192588806152,1.419783592224121,1.4199215173721313,1.427751064300537,1.4268790483474731,1.4376795291900635,1.436195731163025,1.442634105682373,1.4569370746612549,1.4622976779937744,1.4696472883224487,1.4799803495407104,1.4835416078567505,1.4991499185562134,1.5121538639068604,1.5155725479125977,1.5230029821395874,1.5291595458984375,1.5385209321975708,1.5558018684387207,1.5702909231185913,1.5689839124679565,1.571276307106018,1.5839489698410034,1.5907467603683472,1.6063295602798462,1.6197184324264526,1.6347206830978394,1.6422408819198608,1.661777138710022,1.6704540252685547,1.688222885131836,1.7026270627975464,1.724042296409607,1.7091426849365234,1.7227497100830078,1.7286041975021362,1.75169837474823,1.7595252990722656,1.7722704410552979,1.7899106740951538,1.8114511966705322
"<Genome {'input_shape': (3, 32, 32), 'output_feature_depth': 10, 'genes': [<Gene {'node': <DepSepConvNode {'input_shapes': [(3, 32, 32)], '_DepSepConvNode__input_shape': (3, 32, 32), '_DepSepConvNode__output_feature_depth': 32, 'kernel_size': 5}>, 'input_indices': [-1], 'input_shapes': [(3, 32, 32)]}>, <Gene {'node': <AvgPoolNode {'input_shapes': [(32, 32, 32)]}>, 'input_indices': [0], 'input_shapes': [(32, 32, 32)]}>, <Gene {'node': <AvgPoolNode {'input_shapes': [(32, 16, 16)]}>, 'input_indices': [1], 'input_shapes': [(32, 16, 16)]}>, <Gene {'node': <CatNode {'input_shapes': [(32, 8, 8), (32, 32, 32)]}>, 'input_indices': [2, 0], 'input_shapes': [(32, 8, 8), (32, 32, 32)]}>, <Gene {'node': <SumNode {'input_shapes': [(3, 32, 32), (32, 8, 8)]}>, 'input_indices': [-1, 2], 'input_shapes': [(3, 32, 32), (32, 8, 8)]}>, <Gene {'node': <AvgPoolNode {'input_shapes': [(3, 32, 32)]}>, 'input_indices': [-1], 'input_shapes': [(3, 32, 32)]}>, <Gene {'node': <AvgPoolNode {'input_shapes': [(3, 16, 16)]}>, 'input_indices': [5], 'input_shapes': [(3, 16, 16)]}>, <Gene {'node': <DepSepConvNode {'input_shapes': [(64, 32, 32)], '_DepSepConvNode__input_shape': (64, 32, 32), '_DepSepConvNode__output_feature_depth': 64, 'kernel_size': 5}>, 'input_indices': [3], 'input_shapes': [(64, 32, 32)]}>, <Gene {'node': <SumNode {'input_shapes': [(32, 8, 8), (32, 32, 32)]}>, 'input_indices': [2, 0], 'input_shapes': [(32, 8, 8), (32, 32, 32)]}>, <Gene {'node': <ConvNode {'input_shapes': [(64, 32, 32)], '_ConvNode__input_shape': (64, 32, 32), '_ConvNode__output_feature_depth': 64, 'kernel_size': 3}>, 'input_indices': [7], 'input_shapes': [(64, 32, 32)]}>]}>",3.466858386993408,1.7801182270050049,1.6676398515701294,1.5903065204620361,1.5305757522583008,1.4832935333251953,1.442602515220642,1.4053688049316406,1.3700345754623413,1.3382318019866943,1.308668613433838,1.2795171737670898,1.2503663301467896,1.223167061805725,1.196231484413147,1.1704009771347046,1.1455473899841309,1.1204646825790405,1.0962107181549072,1.071514368057251,1.0465105772018433,1.0239176750183105,1.000465750694275,0.9780104756355286,0.9574111104011536,0.937053382396698,0.914914071559906,0.8953666090965271,0.8757343888282776,0.855451226234436,0.8377559185028076,0.8192309141159058,0.8028752207756042,0.7861279845237732,0.7676557898521423,0.7512120604515076,0.7349338531494141,0.7186504006385803,0.7045353651046753,0.6880388855934143,0.6727087497711182,0.6575962901115417,0.6425100564956665,0.6287176609039307,0.6151460409164429,0.6001365184783936,0.587788462638855,0.5733416080474854,0.5592108368873596,0.5481122732162476,0.5330671668052673,0.5171859860420227,0.4994271397590637,0.48644766211509705,0.470424622297287,0.4514232873916626,0.43478071689605713,0.4129084646701813,0.39430683851242065,0.3773885667324066,0.3634612262248993,0.3477250933647156,0.3375558853149414,0.33189260959625244,0.31730014085769653,0.2998782694339752,0.2836263179779053,0.2744498550891876,0.2706488370895386,0.2610195577144623,0.25211891531944275,0.2470024973154068,0.24142654240131378,0.2348174750804901,0.22765514254570007,0.21819499135017395,0.20914022624492645,0.2029682844877243,0.19519196450710297,0.19246631860733032,0.19343861937522888,0.198043555021286,0.19464683532714844,0.18581359088420868,0.17775028944015503,0.16499367356300354,0.16137857735157013,0.1463247835636139,0.1581127941608429,0.1327800750732422,0.15875424444675446,0.15001742541790009,0.14134204387664795,0.1446576863527298,0.10661482810974121,0.11166784912347794,0.09836479276418686,0.10163072496652603,0.08651778101921082,0.07564719766378403,0.07630699872970581,3.4352409839630127,1.7618118524551392,1.655579924583435,1.593896508216858,1.549810767173767,1.5169202089309692,1.4898070096969604,1.4659645557403564,1.4447250366210938,1.4269652366638184,1.4115495681762695,1.3970789909362793,1.3827078342437744,1.3702603578567505,1.3575761318206787,1.3468635082244873,1.3374720811843872,1.328654170036316,1.3201626539230347,1.311365008354187,1.3033818006515503,1.2963707447052002,1.2892285585403442,1.28313148021698,1.278757929801941,1.2752140760421753,1.27021324634552,1.268104910850525,1.2653312683105469,1.2636598348617554,1.2635209560394287,1.2625287771224976,1.263073444366455,1.263429880142212,1.263006329536438,1.2640622854232788,1.2668724060058594,1.2688430547714233,1.2719570398330688,1.2730815410614014,1.2766826152801514,1.280329942703247,1.282596230506897,1.2875763177871704,1.292680025100708,1.2973674535751343,1.3029102087020874,1.307155966758728,1.312656283378601,1.3212971687316895,1.3286195993423462,1.3334734439849854,1.3418101072311401,1.35043466091156,1.3593791723251343,1.3669214248657227,1.375365138053894,1.3791886568069458,1.3869260549545288,1.3974220752716064,1.4068905115127563,1.4104549884796143,1.4189560413360596,1.4343070983886719,1.4401893615722656,1.4426323175430298,1.440982699394226,1.447047233581543,1.4621846675872803,1.474812388420105,1.4904776811599731,1.5127981901168823,1.5332608222961426,1.5470870733261108,1.5610089302062988,1.5716454982757568,1.5800889730453491,1.5883808135986328,1.5922654867172241,1.602964997291565,1.6175116300582886,1.633012056350708,1.6435455083847046,1.633529543876648,1.6188777685165405,1.6150314807891846,1.6344778537750244,1.6647217273712158,1.675852656364441,1.6347497701644897,1.6974843740463257,1.6265690326690674,1.7240270376205444,1.7131519317626953,1.678296446800232,1.6751947402954102,1.6544643640518188,1.6543238162994385,1.646317720413208,1.6578762531280518,1.6967451572418213
"<Genome {'input_shape': (3, 32, 32), 'output_feature_depth': 10, 'genes': [<Gene {'node': <CatNode {'input_shapes': [(3, 32, 32), (3, 32, 32)]}>, 'input_indices': [-1, -1], 'input_shapes': [(3, 32, 32), (3, 32, 32)]}>, <Gene {'node': <AvgPoolNode {'input_shapes': [(6, 3, 3)]}>, 'input_indices': [0], 'input_shapes': [(6, 3, 3)]}>, <Gene {'node': <ConvNode {'input_shapes': [(3, 32, 32)], '_ConvNode__input_shape': (3, 32, 32), '_ConvNode__output_feature_depth': 256, 'kernel_size': 1}>, 'input_indices': [-1], 'input_shapes': [(3, 32, 32)]}>, <Gene {'node': <DepSepConvNode {'input_shapes': [(3, 32, 32)], '_DepSepConvNode__input_shape': (3, 32, 32), '_DepSepConvNode__output_feature_depth': 64, 'kernel_size': 3}>, 'input_indices': [-1], 'input_shapes': [(3, 32, 32)]}>, <Gene {'node': <CatNode {'input_shapes': [(64, 32, 32), (6, 3, 3)]}>, 'input_indices': [3, 0], 'input_shapes': [(64, 32, 32), (6, 3, 3)]}>, <Gene {'node': <SumNode {'input_shapes': [(6, 1, 1), (6, 3, 3)]}>, 'input_indices': [1, 0], 'input_shapes': [(6, 1, 1), (6, 3, 3)]}>, <Gene {'node': <AvgPoolNode {'input_shapes': [(3, 32, 32)]}>, 'input_indices': [-1], 'input_shapes': [(3, 32, 32)]}>, <Gene {'node': <DepSepConvNode {'input_shapes': [(6, 1, 1)], '_DepSepConvNode__input_shape': (6, 1, 1), '_DepSepConvNode__output_feature_depth': 256, 'kernel_size': 3}>, 'input_indices': [1], 'input_shapes': [(6, 1, 1)]}>, <Gene {'node': <DepSepConvNode {'input_shapes': [(3, 32, 32)], '_DepSepConvNode__input_shape': (3, 32, 32), '_DepSepConvNode__output_feature_depth': 64, 'kernel_size': 5}>, 'input_indices': [-1], 'input_shapes': [(3, 32, 32)]}>, <Gene {'node': <ConvNode {'input_shapes': [(64, 32, 32)], '_ConvNode__input_shape': (64, 32, 32), '_ConvNode__output_feature_depth': 64, 'kernel_size': 1}>, 'input_indices': [3], 'input_shapes': [(64, 32, 32)]}>]}>",5.068820476531982,1.9431674480438232,1.8823678493499756,1.837450385093689,1.7985860109329224,1.765366792678833,1.7351491451263428,1.7080461978912354,1.6839722394943237,1.6623300313949585,1.6427351236343384,1.624921202659607,1.6088286638259888,1.5942292213439941,1.5802690982818604,1.5670021772384644,1.5537714958190918,1.542064905166626,1.5304979085922241,1.520155668258667,1.5104690790176392,1.501029372215271,1.4918512105941772,1.4830729961395264,1.4748585224151611,1.4672173261642456,1.4600601196289062,1.4529119729995728,1.446116328239441,1.439700722694397,1.4329780340194702,1.4267781972885132,1.4205338954925537,1.4147900342941284,1.4091309309005737,1.403691291809082,1.398160457611084,1.3928850889205933,1.387540578842163,1.3825784921646118,1.3779648542404175,1.3733060359954834,1.3690836429595947,1.3647792339324951,1.3604395389556885,1.3566089868545532,1.3521736860275269,1.3482009172439575,1.3444875478744507,1.3407598733901978,1.3370872735977173,1.3332680463790894,1.3302119970321655,1.3268918991088867,1.3239035606384277,1.3209142684936523,1.3178414106369019,1.3149701356887817,1.3123254776000977,1.3097857236862183,1.3070214986801147,1.304011583328247,1.3019195795059204,1.2991328239440918,1.2965528964996338,1.2936327457427979,1.2912591695785522,1.2885888814926147,1.2866572141647339,1.2838943004608154,1.2814764976501465,1.2792775630950928,1.2767465114593506,1.2745671272277832,1.2718597650527954,1.2698380947113037,1.2673726081848145,1.2654283046722412,1.263074278831482,1.2612674236297607,1.2585827112197876,1.2569940090179443,1.2541444301605225,1.2527540922164917,1.2511502504348755,1.248435139656067,1.247106671333313,1.244728684425354,1.24310302734375,1.2408860921859741,1.2391648292541504,1.2367604970932007,1.2352232933044434,1.2325984239578247,1.2315822839736938,1.229360580444336,1.228502631187439,1.2261120080947876,1.22470223903656,1.2214714288711548,1.2210447788238525,5.020481109619141,1.9393714666366577,1.8824684619903564,1.8384363651275635,1.7999988794326782,1.76787531375885,1.7397524118423462,1.7150882482528687,1.6939743757247925,1.6756922006607056,1.6586121320724487,1.6434372663497925,1.6302006244659424,1.618111252784729,1.6073983907699585,1.5970484018325806,1.587249994277954,1.579131841659546,1.571094274520874,1.5636272430419922,1.5570958852767944,1.550810694694519,1.5439908504486084,1.5373213291168213,1.5314985513687134,1.5259761810302734,1.5212242603302002,1.5165188312530518,1.5118392705917358,1.5073485374450684,1.5029734373092651,1.4986169338226318,1.494462251663208,1.4910367727279663,1.4884504079818726,1.4858039617538452,1.4831401109695435,1.4810236692428589,1.4785220623016357,1.4765156507492065,1.4748934507369995,1.4730101823806763,1.4715245962142944,1.4700171947479248,1.468074917793274,1.4669383764266968,1.464865803718567,1.4635802507400513,1.4630659818649292,1.4619783163070679,1.4613611698150635,1.4607141017913818,1.4608814716339111,1.4605380296707153,1.4604443311691284,1.4606229066848755,1.4600261449813843,1.4597851037979126,1.4602359533309937,1.4605027437210083,1.4603726863861084,1.4599310159683228,1.4605389833450317,1.4602327346801758,1.4601514339447021,1.4596070051193237,1.46003258228302,1.4598499536514282,1.4606348276138306,1.4603753089904785,1.4604798555374146,1.4609285593032837,1.4604530334472656,1.4607694149017334,1.4603785276412964,1.4609564542770386,1.4608277082443237,1.4617265462875366,1.4614810943603516,1.4622373580932617,1.4617060422897339,1.4627867937088013,1.4620040655136108,1.4632014036178589,1.4642728567123413,1.4632279872894287,1.4648957252502441,1.464691162109375,1.4660362005233765,1.4661492109298706,1.466753363609314,1.466624140739441,1.4678715467453003,1.4669244289398193,1.4683616161346436,1.4681859016418457,1.4693377017974854,1.4691694974899292,1.469305157661438,1.4677915573120117,1.4694546461105347
"<Genome {'input_shape': (3, 32, 32), 'output_feature_depth': 10, 'genes': [<Gene {'node': <AvgPoolNode {'input_shapes': [(3, 32, 32)]}>, 'input_indices': [-1], 'input_shapes': [(3, 32, 32)]}>, <Gene {'node': <CatNode {'input_shapes': [(3, 16, 16), (3, 16, 16)]}>, 'input_indices': [0, 0], 'input_shapes': [(3, 16, 16), (3, 16, 16)]}>, <Gene {'node': <DepSepConvNode {'input_shapes': [(6, 3, 3)], '_DepSepConvNode__input_shape': (6, 3, 3), '_DepSepConvNode__output_feature_depth': 32, 'kernel_size': 5}>, 'input_indices': [1], 'input_shapes': [(6, 3, 3)]}>, <Gene {'node': <CatNode {'input_shapes': [(6, 3, 3), (6, 3, 3)]}>, 'input_indices': [1, 1], 'input_shapes': [(6, 3, 3), (6, 3, 3)]}>, <Gene {'node': <SumNode {'input_shapes': [(3, 32, 32), (6, 3, 3)]}>, 'input_indices': [-1, 1], 'input_shapes': [(3, 32, 32), (6, 3, 3)]}>, <Gene {'node': <ConvNode {'input_shapes': [(32, 3, 3)], '_ConvNode__input_shape': (32, 3, 3), '_ConvNode__output_feature_depth': 32, 'kernel_size': 1}>, 'input_indices': [2], 'input_shapes': [(32, 3, 3)]}>, <Gene {'node': <DepSepConvNode {'input_shapes': [(12, 6, 6)], '_DepSepConvNode__input_shape': (12, 6, 6), '_DepSepConvNode__output_feature_depth': 256, 'kernel_size': 3}>, 'input_indices': [3], 'input_shapes': [(12, 6, 6)]}>, <Gene {'node': <AvgPoolNode {'input_shapes': [(6, 6, 6)]}>, 'input_indices': [4], 'input_shapes': [(6, 6, 6)]}>, <Gene {'node': <CatNode {'input_shapes': [(12, 6, 6), (6, 6, 6)]}>, 'input_indices': [3, 4], 'input_shapes': [(12, 6, 6), (6, 6, 6)]}>, <Gene {'node': <MaxPoolNode {'input_shapes': [(6, 6, 6)]}>, 'input_indices': [4], 'input_shapes': [(6, 6, 6)]}>]}>",2.4090445041656494,2.027567148208618,1.9580318927764893,1.915281891822815,1.8802707195281982,1.8491507768630981,1.819443941116333,1.792019009590149,1.7673815488815308,1.7454264163970947,1.7259753942489624,1.7085626125335693,1.6932343244552612,1.6794871091842651,1.6668567657470703,1.6552356481552124,1.644331455230713,1.6341556310653687,1.6243927478790283,1.615462303161621,1.6066662073135376,1.5984593629837036,1.5902119874954224,1.5826836824417114,1.5750285387039185,1.5680878162384033,1.560866355895996,1.5541082620620728,1.5472275018692017,1.5408087968826294,1.5342727899551392,1.528006672859192,1.5214966535568237,1.5152459144592285,1.5088894367218018,1.5027652978897095,1.4965866804122925,1.4908638000488281,1.4848347902297974,1.4791536331176758,1.4732532501220703,1.4679604768753052,1.4625736474990845,1.4570609331130981,1.4526968002319336,1.446909785270691,1.4424782991409302,1.4367097616195679,1.4316562414169312,1.4266735315322876,1.4220409393310547,1.4175530672073364,1.4126484394073486,1.408125877380371,1.4045641422271729,1.3999991416931152,1.395745873451233,1.3913042545318604,1.386871337890625,1.383111834526062,1.378387451171875,1.3744535446166992,1.3709927797317505,1.366887092590332,1.3628249168395996,1.3589367866516113,1.3558025360107422,1.351690649986267,1.3483340740203857,1.3441405296325684,1.3411762714385986,1.336842656135559,1.3333414793014526,1.330515742301941,1.326409935951233,1.3239049911499023,1.3191149234771729,1.3173284530639648,1.3135842084884644,1.3112220764160156,1.3086724281311035,1.306041955947876,1.302535057067871,1.3000106811523438,1.2967109680175781,1.2939893007278442,1.290802001953125,1.287906289100647,1.2851312160491943,1.2821118831634521,1.2795426845550537,1.277009129524231,1.2743436098098755,1.2719568014144897,1.2690317630767822,1.266552209854126,1.2639186382293701,1.2609515190124512,1.2588688135147095,1.2562432289123535,1.253939151763916,2.411452054977417,2.015377998352051,1.9475250244140625,1.9050642251968384,1.870437502861023,1.8403034210205078,1.8118146657943726,1.7859843969345093,1.7630910873413086,1.7429636716842651,1.725291132926941,1.7100852727890015,1.6969337463378906,1.6852689981460571,1.6747950315475464,1.6647828817367554,1.6553999185562134,1.6464747190475464,1.6378694772720337,1.630041480064392,1.622112512588501,1.615239143371582,1.6080929040908813,1.6013907194137573,1.594817042350769,1.588722825050354,1.5826815366744995,1.5768520832061768,1.5714117288589478,1.5659124851226807,1.5605244636535645,1.5548971891403198,1.549896001815796,1.5445905923843384,1.540209174156189,1.5354206562042236,1.5311353206634521,1.526612639427185,1.522720217704773,1.5191158056259155,1.5153448581695557,1.5121227502822876,1.509340524673462,1.5054582357406616,1.50066077709198,1.499830961227417,1.495218276977539,1.4927294254302979,1.4901366233825684,1.4874221086502075,1.4850186109542847,1.4826154708862305,1.4799835681915283,1.4775768518447876,1.4741629362106323,1.47215735912323,1.470916509628296,1.4695408344268799,1.4680354595184326,1.4659143686294556,1.4647859334945679,1.4634031057357788,1.4605369567871094,1.4590333700180054,1.4581295251846313,1.4565578699111938,1.454106092453003,1.4529008865356445,1.4508498907089233,1.4504454135894775,1.4480247497558594,1.4471244812011719,1.4453922510147095,1.4439287185668945,1.4440500736236572,1.4416412115097046,1.4413982629776,1.439542293548584,1.4402852058410645,1.437456488609314,1.4364980459213257,1.4356393814086914,1.4344481229782104,1.434004306793213,1.4325928688049316,1.4317474365234375,1.430567979812622,1.429137110710144,1.4289604425430298,1.4293570518493652,1.4283828735351562,1.427964448928833,1.427359938621521,1.4277739524841309,1.4261839389801025,1.4259761571884155,1.42557954788208,1.424795150756836,1.424644112586975,1.4246981143951416,1.423923134803772
"<Genome {'input_shape': (3, 32, 32), 'output_feature_depth': 10, 'genes': [<Gene {'node': <CatNode {'input_shapes': [(3, 32, 32), (3, 32, 32)]}>, 'input_indices': [-1, -1], 'input_shapes': [(3, 32, 32), (3, 32, 32)]}>, <Gene {'node': <MaxPoolNode {'input_shapes': [(3, 32, 32)]}>, 'input_indices': [-1], 'input_shapes': [(3, 32, 32)]}>, <Gene {'node': <ConvNode {'input_shapes': [(3, 16, 16)], '_ConvNode__input_shape': (3, 16, 16), '_ConvNode__output_feature_depth': 32, 'kernel_size': 3}>, 'input_indices': [1], 'input_shapes': [(3, 16, 16)]}>, <Gene {'node': <MaxPoolNode {'input_shapes': [(32, 16, 16)]}>, 'input_indices': [2], 'input_shapes': [(32, 16, 16)]}>, <Gene {'node': <SumNode {'input_shapes': [(3, 32, 32), (6, 3, 3)]}>, 'input_indices': [-1, 0], 'input_shapes': [(3, 32, 32), (6, 3, 3)]}>, <Gene {'node': <SumNode {'input_shapes': [(32, 16, 16), (3, 16, 16)]}>, 'input_indices': [2, 1], 'input_shapes': [(32, 16, 16), (3, 16, 16)]}>, <Gene {'node': <MaxPoolNode {'input_shapes': [(6, 6, 6)]}>, 'input_indices': [4], 'input_shapes': [(6, 6, 6)]}>, <Gene {'node': <AvgPoolNode {'input_shapes': [(32, 8, 8)]}>, 'input_indices': [3], 'input_shapes': [(32, 8, 8)]}>, <Gene {'node': <MaxPoolNode {'input_shapes': [(3, 16, 16)]}>, 'input_indices': [1], 'input_shapes': [(3, 16, 16)]}>, <Gene {'node': <DepSepConvNode {'input_shapes': [(3, 8, 8)], '_DepSepConvNode__input_shape': (3, 8, 8), '_DepSepConvNode__output_feature_depth': 64, 'kernel_size': 3}>, 'input_indices': [8], 'input_shapes': [(3, 8, 8)]}>]}>",2.5617947578430176,2.071789503097534,1.9937750101089478,1.946031093597412,1.9123390913009644,1.884962558746338,1.8617477416992188,1.8407301902770996,1.8215018510818481,1.803784728050232,1.7876946926116943,1.7727854251861572,1.7590198516845703,1.7462525367736816,1.734153151512146,1.7229821681976318,1.7126556634902954,1.7031023502349854,1.694238305091858,1.686140775680542,1.678583025932312,1.6714805364608765,1.664738655090332,1.658055305480957,1.651969313621521,1.6461052894592285,1.6401764154434204,1.6348092555999756,1.6294530630111694,1.6241774559020996,1.6192227602005005,1.6143648624420166,1.6095771789550781,1.6049455404281616,1.6003729104995728,1.5959631204605103,1.5915559530258179,1.5874868631362915,1.583316445350647,1.5794308185577393,1.5756157636642456,1.571954369544983,1.5684086084365845,1.5649241209030151,1.5616360902786255,1.5583363771438599,1.5552197694778442,1.5521045923233032,1.548991084098816,1.5459240674972534,1.54296875,1.5400947332382202,1.5371646881103516,1.5344411134719849,1.5318024158477783,1.529191255569458,1.5266984701156616,1.5241951942443848,1.5217175483703613,1.5193531513214111,1.5169428586959839,1.5145106315612793,1.5121756792068481,1.509792447090149,1.507627248764038,1.505458950996399,1.5031559467315674,1.5010099411010742,1.49895441532135,1.496832013130188,1.4948874711990356,1.492880940437317,1.4907442331314087,1.4887430667877197,1.4868379831314087,1.4849143028259277,1.48324453830719,1.4812042713165283,1.4795804023742676,1.4778659343719482,1.476248860359192,1.4745718240737915,1.4729620218276978,1.4712882041931152,1.4698104858398438,1.468250036239624,1.466653823852539,1.4652551412582397,1.4637959003448486,1.4623136520385742,1.4608851671218872,1.4595409631729126,1.4580379724502563,1.4567620754241943,1.4554824829101562,1.4540618658065796,1.4527924060821533,1.4514154195785522,1.4501479864120483,1.4488632678985596,1.4475246667861938,2.4943044185638428,2.0410897731781006,1.9745911359786987,1.932348608970642,1.9022830724716187,1.8781909942626953,1.8579485416412354,1.8387209177017212,1.8212155103683472,1.8051213026046753,1.7907829284667969,1.777716875076294,1.765870451927185,1.7555383443832397,1.7458868026733398,1.7369530200958252,1.7285130023956299,1.7202959060668945,1.7125166654586792,1.7050174474716187,1.6981384754180908,1.69162118434906,1.6857303380966187,1.679650902748108,1.674743890762329,1.6698312759399414,1.6650524139404297,1.6606998443603516,1.6564056873321533,1.652263879776001,1.6482458114624023,1.6442031860351562,1.6402002573013306,1.6365107297897339,1.6329338550567627,1.6295973062515259,1.6261862516403198,1.6232737302780151,1.6201317310333252,1.6172274351119995,1.6145946979522705,1.6119577884674072,1.6094623804092407,1.6070787906646729,1.6053012609481812,1.6032066345214844,1.6013628244400024,1.5992485284805298,1.5972377061843872,1.5950840711593628,1.5934116840362549,1.5918222665786743,1.5900932550430298,1.5885237455368042,1.5870054960250854,1.5855704545974731,1.5840613842010498,1.5824253559112549,1.5809144973754883,1.5792431831359863,1.5775206089019775,1.5757032632827759,1.5739967823028564,1.5722585916519165,1.5706207752227783,1.568934440612793,1.5672991275787354,1.5656818151474,1.56395423412323,1.5622004270553589,1.5606228113174438,1.5588949918746948,1.556786060333252,1.555031418800354,1.5535080432891846,1.5515838861465454,1.5504224300384521,1.5483235120773315,1.5472596883773804,1.545871376991272,1.5448496341705322,1.543434977531433,1.5423076152801514,1.5409126281738281,1.5397447347640991,1.5383853912353516,1.537063479423523,1.5362966060638428,1.5354219675064087,1.5341936349868774,1.5331751108169556,1.5321340560913086,1.5312341451644897,1.530318260192871,1.529749870300293,1.5284425020217896,1.5275609493255615,1.5260748863220215,1.5252271890640259,1.5237754583358765,1.5226631164550781
"<Genome {'input_shape': (3, 32, 32), 'output_feature_depth': 10, 'genes': [<Gene {'node': <MaxPoolNode {'input_shapes': [(3, 32, 32)]}>, 'input_indices': [-1], 'input_shapes': [(3, 32, 32)]}>, <Gene {'node': <DepSepConvNode {'input_shapes': [(3, 16, 16)], '_DepSepConvNode__input_shape': (3, 16, 16), '_DepSepConvNode__output_feature_depth': 128, 'kernel_size': 3}>, 'input_indices': [0], 'input_shapes': [(3, 16, 16)]}>, <Gene {'node': <DepSepConvNode {'input_shapes': [(128, 16, 16)], '_DepSepConvNode__input_shape': (128, 16, 16), '_DepSepConvNode__output_feature_depth': 64, 'kernel_size': 3}>, 'input_indices': [1], 'input_shapes': [(128, 16, 16)]}>, <Gene {'node': <AvgPoolNode {'input_shapes': [(3, 16, 16)]}>, 'input_indices': [0], 'input_shapes': [(3, 16, 16)]}>, <Gene {'node': <CatNode {'input_shapes': [(3, 32, 32), (64, 16, 16)]}>, 'input_indices': [-1, 2], 'input_shapes': [(3, 32, 32), (64, 16, 16)]}>, <Gene {'node': <MaxPoolNode {'input_shapes': [(64, 16, 16)]}>, 'input_indices': [2], 'input_shapes': [(64, 16, 16)]}>, <Gene {'node': <MaxPoolNode {'input_shapes': [(64, 8, 8)]}>, 'input_indices': [5], 'input_shapes': [(64, 8, 8)]}>, <Gene {'node': <CatNode {'input_shapes': [(64, 8, 8), (64, 4, 4)]}>, 'input_indices': [5, 6], 'input_shapes': [(64, 8, 8), (64, 4, 4)]}>, <Gene {'node': <ConvNode {'input_shapes': [(128, 64, 64)], '_ConvNode__input_shape': (128, 64, 64), '_ConvNode__output_feature_depth': 64, 'kernel_size': 3}>, 'input_indices': [7], 'input_shapes': [(128, 64, 64)]}>, <Gene {'node': <SumNode {'input_shapes': [(67, 64, 64), (64, 16, 16)]}>, 'input_indices': [4, 2], 'input_shapes': [(67, 64, 64), (64, 16, 16)]}>]}>",2.530623197555542,1.9835569858551025,1.867658019065857,1.7928783893585205,1.7373803853988647,1.6938958168029785,1.6549500226974487,1.61774742603302,1.5810863971710205,1.5477391481399536,1.5168026685714722,1.4878437519073486,1.4603235721588135,1.4333393573760986,1.4078540802001953,1.3824723958969116,1.359055757522583,1.3353320360183716,1.3113086223602295,1.2872065305709839,1.2644745111465454,1.2424519062042236,1.2212159633636475,1.1998311281204224,1.179685354232788,1.1594340801239014,1.1404026746749878,1.1196444034576416,1.0977897644042969,1.0770732164382935,1.0576421022415161,1.0378984212875366,1.0170624256134033,0.9972449541091919,0.9731941223144531,0.9526615738868713,0.9312378764152527,0.912158727645874,0.8907034397125244,0.8717575073242188,0.8524538278579712,0.832672655582428,0.8113872408866882,0.7930405139923096,0.7733206748962402,0.757810115814209,0.7395817637443542,0.7220701575279236,0.7080267071723938,0.6973872780799866,0.6838631629943848,0.6706774234771729,0.6566264629364014,0.6461544632911682,0.632332980632782,0.6237208843231201,0.6158809065818787,0.6060540676116943,0.5951134562492371,0.578481137752533,0.5634593367576599,0.5489096641540527,0.5329725742340088,0.5150429606437683,0.4977332055568695,0.4796651303768158,0.4642869830131531,0.4468208849430084,0.4367249608039856,0.4292742908000946,0.42099228501319885,0.4093799591064453,0.3991953730583191,0.3824320137500763,0.37245991826057434,0.3608052134513855,0.3499840199947357,0.3402169942855835,0.3351975083351135,0.3304108679294586,0.32288286089897156,0.3156034052371979,0.3070831894874573,0.30023103952407837,0.28921744227409363,0.278351753950119,0.26684948801994324,0.2566585838794708,0.24754618108272552,0.23598994314670563,0.2221468687057495,0.2128281593322754,0.20279711484909058,0.19408372044563293,0.18764199316501617,0.18666306138038635,0.178975909948349,0.16999498009681702,0.16527295112609863,0.15871372818946838,0.15411721169948578,2.5202577114105225,1.9648948907852173,1.8566936254501343,1.7853797674179077,1.7356880903244019,1.7006734609603882,1.6702022552490234,1.641510248184204,1.6138956546783447,1.5910283327102661,1.5714164972305298,1.5544344186782837,1.5381667613983154,1.5226134061813354,1.5096054077148438,1.497551679611206,1.4854345321655273,1.4744576215744019,1.4637898206710815,1.4538509845733643,1.4455705881118774,1.4382961988449097,1.432808756828308,1.4281387329101562,1.4232661724090576,1.4216527938842773,1.4202948808670044,1.4194700717926025,1.4161852598190308,1.4151766300201416,1.4153282642364502,1.4149335622787476,1.4127298593521118,1.4131320714950562,1.4083341360092163,1.4101494550704956,1.4080698490142822,1.408835768699646,1.4100297689437866,1.4109933376312256,1.4128227233886719,1.4156862497329712,1.4185161590576172,1.4212968349456787,1.4236253499984741,1.4288243055343628,1.4314206838607788,1.4353030920028687,1.4409492015838623,1.4473615884780884,1.448988676071167,1.4561474323272705,1.4615285396575928,1.4705122709274292,1.4784669876098633,1.4914090633392334,1.501901388168335,1.5149006843566895,1.5226212739944458,1.5272234678268433,1.532498836517334,1.5370539426803589,1.5388226509094238,1.541894793510437,1.544089913368225,1.5435775518417358,1.5485891103744507,1.555680513381958,1.5682859420776367,1.5883922576904297,1.6110998392105103,1.6294935941696167,1.644020915031433,1.6520626544952393,1.6699373722076416,1.6862308979034424,1.6980270147323608,1.7151355743408203,1.740118384361267,1.7647374868392944,1.7874006032943726,1.8136354684829712,1.8316015005111694,1.8556216955184937,1.8712186813354492,1.8851292133331299,1.8956598043441772,1.9073479175567627,1.9202827215194702,1.931958794593811,1.934708595275879,1.9451717138290405,1.9551433324813843,1.9695271253585815,1.9821968078613281,2.016464948654175,2.026202917098999,2.03429913520813,2.0492446422576904,2.0643486976623535,2.076197862625122
"<Genome {'input_shape': (3, 32, 32), 'output_feature_depth': 10, 'genes': [<Gene {'node': <SumNode {'input_shapes': [(3, 32, 32), (3, 32, 32)]}>, 'input_indices': [-1, -1], 'input_shapes': [(3, 32, 32), (3, 32, 32)]}>, <Gene {'node': <SumNode {'input_shapes': [(3, 3, 3), (3, 32, 32)]}>, 'input_indices': [0, -1], 'input_shapes': [(3, 3, 3), (3, 32, 32)]}>, <Gene {'node': <SumNode {'input_shapes': [(3, 3, 3), (3, 3, 3)]}>, 'input_indices': [1, 0], 'input_shapes': [(3, 3, 3), (3, 3, 3)]}>, <Gene {'node': <ConvNode {'input_shapes': [(3, 3, 3)], '_ConvNode__input_shape': (3, 3, 3), '_ConvNode__output_feature_depth': 128, 'kernel_size': 1}>, 'input_indices': [2], 'input_shapes': [(3, 3, 3)]}>, <Gene {'node': <SumNode {'input_shapes': [(3, 3, 3), (3, 32, 32)]}>, 'input_indices': [2, -1], 'input_shapes': [(3, 3, 3), (3, 32, 32)]}>, <Gene {'node': <AvgPoolNode {'input_shapes': [(3, 3, 3)]}>, 'input_indices': [0], 'input_shapes': [(3, 3, 3)]}>, <Gene {'node': <CatNode {'input_shapes': [(3, 3, 3), (3, 3, 3)]}>, 'input_indices': [2, 2], 'input_shapes': [(3, 3, 3), (3, 3, 3)]}>, <Gene {'node': <ConvNode {'input_shapes': [(3, 1, 1)], '_ConvNode__input_shape': (3, 1, 1), '_ConvNode__output_feature_depth': 256, 'kernel_size': 1}>, 'input_indices': [5], 'input_shapes': [(3, 1, 1)]}>, <Gene {'node': <SumNode {'input_shapes': [(256, 1, 1), (3, 1, 1)]}>, 'input_indices': [7, 5], 'input_shapes': [(256, 1, 1), (3, 1, 1)]}>, <Gene {'node': <AvgPoolNode {'input_shapes': [(128, 3, 3)]}>, 'input_indices': [3], 'input_shapes': [(128, 3, 3)]}>]}>",3.2738864421844482,2.0777204036712646,2.029329538345337,2.0113582611083984,2.0015158653259277,1.9942665100097656,1.9881436824798584,1.9826850891113281,1.9776722192764282,1.9727532863616943,1.968063235282898,1.9637575149536133,1.9592180252075195,1.9550303220748901,1.9508906602859497,1.9468523263931274,1.942926287651062,1.9391065835952759,1.9354467391967773,1.9320597648620605,1.9287173748016357,1.9255115985870361,1.92255699634552,1.9198157787322998,1.917455792427063,1.9150065183639526,1.9125926494598389,1.9104200601577759,1.9083054065704346,1.9064137935638428,1.9045473337173462,1.9027665853500366,1.9010686874389648,1.8995416164398193,1.898048996925354,1.8966299295425415,1.8952093124389648,1.8939311504364014,1.8927016258239746,1.8915631771087646,1.890390396118164,1.889279842376709,1.8882070779800415,1.8871876001358032,1.8861879110336304,1.8851991891860962,1.884346842765808,1.883472204208374,1.8826550245285034,1.8818509578704834,1.8810890913009644,1.8802986145019531,1.8795241117477417,1.878774881362915,1.8779631853103638,1.8772996664047241,1.876632571220398,1.875920295715332,1.8752238750457764,1.8745498657226562,1.8737040758132935,1.873194932937622,1.8724315166473389,1.871877908706665,1.8713126182556152,1.870746374130249,1.8699473142623901,1.8694605827331543,1.8689357042312622,1.8683290481567383,1.8678326606750488,1.8672716617584229,1.8667999505996704,1.8662528991699219,1.8655589818954468,1.8653045892715454,1.864801049232483,1.8643287420272827,1.8638279438018799,1.8632659912109375,1.8627759218215942,1.8622571229934692,1.861817479133606,1.861314058303833,1.8608105182647705,1.860333800315857,1.8599238395690918,1.8594450950622559,1.8590238094329834,1.858559012413025,1.858184814453125,1.857751488685608,1.8573247194290161,1.8568936586380005,1.8564789295196533,1.8560552597045898,1.8556474447250366,1.8552353382110596,1.8548277616500854,1.8544337749481201,1.8540018796920776,3.1857450008392334,2.0615477561950684,2.0154740810394287,1.9983816146850586,1.9898052215576172,1.9843024015426636,1.980114221572876,1.9766550064086914,1.9738014936447144,1.9710569381713867,1.9683881998062134,1.966233253479004,1.9641395807266235,1.962240219116211,1.9603592157363892,1.9585552215576172,1.956460952758789,1.9544460773468018,1.9522449970245361,1.9501088857650757,1.9482929706573486,1.9463266134262085,1.9444000720977783,1.942667841911316,1.9411829710006714,1.9397743940353394,1.9382294416427612,1.9370158910751343,1.935650110244751,1.9345571994781494,1.9333839416503906,1.9321621656417847,1.9310516119003296,1.9300369024276733,1.9290716648101807,1.9280277490615845,1.9268550872802734,1.926038384437561,1.9252010583877563,1.9245617389678955,1.9237501621246338,1.9228302240371704,1.9221200942993164,1.9214518070220947,1.9205585718154907,1.9198200702667236,1.919290542602539,1.9189739227294922,1.9187933206558228,1.9184335470199585,1.918107032775879,1.9177563190460205,1.917352557182312,1.916977882385254,1.9165204763412476,1.9162960052490234,1.9161227941513062,1.9157310724258423,1.9155876636505127,1.915260672569275,1.9155523777008057,1.9148813486099243,1.9151124954223633,1.9144436120986938,1.914362907409668,1.9141005277633667,1.9135799407958984,1.9133663177490234,1.9132956266403198,1.9126977920532227,1.9127839803695679,1.912371277809143,1.912231683731079,1.9119237661361694,1.9114853143692017,1.9117004871368408,1.9114525318145752,1.9112776517868042,1.9111559391021729,1.910874366760254,1.910603404045105,1.910385012626648,1.910258173942566,1.9100112915039062,1.909653663635254,1.909453272819519,1.9094082117080688,1.9091194868087769,1.90900456905365,1.9087402820587158,1.9086252450942993,1.908401370048523,1.9082304239273071,1.9080793857574463,1.9078956842422485,1.9076734781265259,1.9074716567993164,1.9073810577392578,1.907094955444336,1.9068740606307983,1.9065240621566772
"<Genome {'input_shape': (3, 32, 32), 'output_feature_depth': 10, 'genes': [<Gene {'node': <ConvNode {'input_shapes': [(3, 32, 32)], '_ConvNode__input_shape': (3, 32, 32), '_ConvNode__output_feature_depth': 32, 'kernel_size': 3}>, 'input_indices': [-1], 'input_shapes': [(3, 32, 32)]}>, <Gene {'node': <AvgPoolNode {'input_shapes': [(3, 32, 32)]}>, 'input_indices': [-1], 'input_shapes': [(3, 32, 32)]}>, <Gene {'node': <DepSepConvNode {'input_shapes': [(32, 32, 32)], '_DepSepConvNode__input_shape': (32, 32, 32), '_DepSepConvNode__output_feature_depth': 64, 'kernel_size': 5}>, 'input_indices': [0], 'input_shapes': [(32, 32, 32)]}>, <Gene {'node': <DepSepConvNode {'input_shapes': [(64, 32, 32)], '_DepSepConvNode__input_shape': (64, 32, 32), '_DepSepConvNode__output_feature_depth': 256, 'kernel_size': 5}>, 'input_indices': [2], 'input_shapes': [(64, 32, 32)]}>, <Gene {'node': <DepSepConvNode {'input_shapes': [(32, 32, 32)], '_DepSepConvNode__input_shape': (32, 32, 32), '_DepSepConvNode__output_feature_depth': 128, 'kernel_size': 3}>, 'input_indices': [0], 'input_shapes': [(32, 32, 32)]}>, <Gene {'node': <CatNode {'input_shapes': [(3, 32, 32), (32, 32, 32)]}>, 'input_indices': [-1, 0], 'input_shapes': [(3, 32, 32), (32, 32, 32)]}>, <Gene {'node': <CatNode {'input_shapes': [(256, 32, 32), (128, 32, 32)]}>, 'input_indices': [3, 4], 'input_shapes': [(256, 32, 32), (128, 32, 32)]}>, <Gene {'node': <AvgPoolNode {'input_shapes': [(3, 16, 16)]}>, 'input_indices': [1], 'input_shapes': [(3, 16, 16)]}>, <Gene {'node': <SumNode {'input_shapes': [(3, 8, 8), (3, 32, 32)]}>, 'input_indices': [7, -1], 'input_shapes': [(3, 8, 8), (3, 32, 32)]}>, <Gene {'node': <ConvNode {'input_shapes': [(3, 16, 16)], '_ConvNode__input_shape': (3, 16, 16), '_ConvNode__output_feature_depth': 64, 'kernel_size': 3}>, 'input_indices': [1], 'input_shapes': [(3, 16, 16)]}>]}>",3.3690619468688965,1.798025369644165,1.6799609661102295,1.5920602083206177,1.5253239870071411,1.472878336906433,1.4230703115463257,1.3822319507598877,1.346571683883667,1.3153148889541626,1.286881923675537,1.2606371641159058,1.2342708110809326,1.2086817026138306,1.1844978332519531,1.1611902713775635,1.1380411386489868,1.1165165901184082,1.0948339700698853,1.0736212730407715,1.0524057149887085,1.0312347412109375,1.0104631185531616,0.9899751543998718,0.9704058766365051,0.9506897926330566,0.9318316578865051,0.9125363826751709,0.8942133784294128,0.8753648996353149,0.8574631214141846,0.841058611869812,0.824954092502594,0.8098043203353882,0.7948603630065918,0.7809165120124817,0.7681786417961121,0.7559940218925476,0.7443169951438904,0.7317805886268616,0.7181839942932129,0.7041016221046448,0.6927021741867065,0.6786626577377319,0.6654845476150513,0.6537961959838867,0.6445471048355103,0.6338703632354736,0.6239616274833679,0.6154283881187439,0.6067118644714355,0.5973641276359558,0.5889952778816223,0.5841351747512817,0.5798531770706177,0.5748684406280518,0.565371572971344,0.5546991229057312,0.5426127910614014,0.5283325910568237,0.5170098543167114,0.5079413056373596,0.5003319978713989,0.493662029504776,0.486459881067276,0.47701844573020935,0.46112701296806335,0.4483191668987274,0.4328449070453644,0.4226309657096863,0.41600167751312256,0.4126598834991455,0.40977171063423157,0.40736305713653564,0.408441424369812,0.41221755743026733,0.4192418158054352,0.42454466223716736,0.4326474964618683,0.43369153141975403,0.4241904616355896,0.4156859517097473,0.42744043469429016,0.4621627628803253,0.46583491563796997,0.49340975284576416,0.47037801146507263,0.436375230550766,0.44707217812538147,0.4199024438858032,0.4018714129924774,0.40322351455688477,0.35510164499282837,0.35589927434921265,0.3328201174736023,0.32908007502555847,0.2867371737957001,0.28512653708457947,0.26877129077911377,0.2684810161590576,0.2619534134864807,3.365684986114502,1.7782901525497437,1.6681560277938843,1.59548819065094,1.5416768789291382,1.5039609670639038,1.4698704481124878,1.4416707754135132,1.4185184240341187,1.4002636671066284,1.3837106227874756,1.3687595129013062,1.354050636291504,1.3400408029556274,1.3275963068008423,1.317409873008728,1.3076097965240479,1.298967719078064,1.290148377418518,1.2821413278579712,1.2743948698043823,1.2678765058517456,1.2620266675949097,1.2555103302001953,1.2506924867630005,1.2466182708740234,1.2435131072998047,1.240233063697815,1.2382334470748901,1.2352632284164429,1.234169602394104,1.233879804611206,1.2349485158920288,1.2371951341629028,1.2408207654953003,1.2446928024291992,1.2504456043243408,1.2566959857940674,1.2644165754318237,1.270570993423462,1.2745375633239746,1.2782529592514038,1.2857475280761719,1.2893648147583008,1.2953158617019653,1.3004850149154663,1.3078234195709229,1.3138560056686401,1.320278525352478,1.3293211460113525,1.338112711906433,1.346281886100769,1.3573288917541504,1.3709876537322998,1.3866064548492432,1.4010132551193237,1.4097877740859985,1.4162992238998413,1.4181044101715088,1.4209483861923218,1.4267369508743286,1.4360578060150146,1.4451082944869995,1.4617266654968262,1.4780616760253906,1.4893715381622314,1.497029423713684,1.5072990655899048,1.517069697380066,1.5305266380310059,1.5465373992919922,1.5638285875320435,1.5789940357208252,1.5998018980026245,1.6209852695465088,1.6475021839141846,1.6771074533462524,1.7046164274215698,1.7360889911651611,1.7521826028823853,1.7600393295288086,1.7670921087265015,1.805022120475769,1.846686601638794,1.8463462591171265,1.88336181640625,1.8776870965957642,1.840140700340271,1.8375898599624634,1.851819396018982,1.8514022827148438,1.8580331802368164,1.827333688735962,1.8418530225753784,1.8136647939682007,1.794779658317566,1.7784671783447266,1.8032020330429077,1.7929702997207642,1.815070390701294,1.8402312994003296
"<Genome {'input_shape': (3, 32, 32), 'output_feature_depth': 10, 'genes': [<Gene {'node': <DepSepConvNode {'input_shapes': [(3, 32, 32)], '_DepSepConvNode__input_shape': (3, 32, 32), '_DepSepConvNode__output_feature_depth': 256, 'kernel_size': 3}>, 'input_indices': [-1], 'input_shapes': [(3, 32, 32)]}>, <Gene {'node': <DepSepConvNode {'input_shapes': [(256, 32, 32)], '_DepSepConvNode__input_shape': (256, 32, 32), '_DepSepConvNode__output_feature_depth': 128, 'kernel_size': 5}>, 'input_indices': [0], 'input_shapes': [(256, 32, 32)]}>, <Gene {'node': <AvgPoolNode {'input_shapes': [(3, 32, 32)]}>, 'input_indices': [-1], 'input_shapes': [(3, 32, 32)]}>, <Gene {'node': <SumNode {'input_shapes': [(3, 16, 16), (256, 32, 32)]}>, 'input_indices': [2, 0], 'input_shapes': [(3, 16, 16), (256, 32, 32)]}>, <Gene {'node': <CatNode {'input_shapes': [(128, 32, 32), (3, 16, 16)]}>, 'input_indices': [1, 2], 'input_shapes': [(128, 32, 32), (3, 16, 16)]}>, <Gene {'node': <MaxPoolNode {'input_shapes': [(128, 32, 32)]}>, 'input_indices': [1], 'input_shapes': [(128, 32, 32)]}>, <Gene {'node': <CatNode {'input_shapes': [(3, 16, 16), (256, 32, 32)]}>, 'input_indices': [2, 0], 'input_shapes': [(3, 16, 16), (256, 32, 32)]}>, <Gene {'node': <MaxPoolNode {'input_shapes': [(259, 256, 256)]}>, 'input_indices': [6], 'input_shapes': [(259, 256, 256)]}>, <Gene {'node': <ConvNode {'input_shapes': [(128, 32, 32)], '_ConvNode__input_shape': (128, 32, 32), '_ConvNode__output_feature_depth': 64, 'kernel_size': 1}>, 'input_indices': [1], 'input_shapes': [(128, 32, 32)]}>, <Gene {'node': <CatNode {'input_shapes': [(128, 16, 16), (3, 32, 32)]}>, 'input_indices': [5, -1], 'input_shapes': [(128, 16, 16), (3, 32, 32)]}>]}>",7.374183654785156,1.8353065252304077,1.7236167192459106,1.6455776691436768,1.5867024660110474,1.5334193706512451,1.4827736616134644,1.4354400634765625,1.3937115669250488,1.3549830913543701,1.3185715675354004,1.2847659587860107,1.2534123659133911,1.2258704900741577,1.1990253925323486,1.1722412109375,1.1470904350280762,1.1226712465286255,1.0996571779251099,1.0770606994628906,1.055299162864685,1.0339351892471313,1.0132023096084595,0.9924193620681763,0.97102290391922,0.9498555064201355,0.9288331270217896,0.9078013300895691,0.8878214955329895,0.8684158325195312,0.848357081413269,0.8282827138900757,0.8090115785598755,0.7904078364372253,0.7709229588508606,0.7529411315917969,0.7345588803291321,0.7156572937965393,0.6986317038536072,0.6805365085601807,0.663990318775177,0.6474839448928833,0.6311154961585999,0.6141070127487183,0.598558783531189,0.5842865109443665,0.5695570111274719,0.554431140422821,0.5408712029457092,0.525722086429596,0.5130418539047241,0.5001428723335266,0.4878566861152649,0.4719529151916504,0.45900049805641174,0.44520071148872375,0.4331352710723877,0.4206162095069885,0.41026124358177185,0.39792248606681824,0.38891154527664185,0.3756493031978607,0.36250701546669006,0.3496074080467224,0.340112566947937,0.32977378368377686,0.3204730749130249,0.3115444481372833,0.3020438551902771,0.2927097678184509,0.2856830954551697,0.28199708461761475,0.27638542652130127,0.27646613121032715,0.2769617438316345,0.27668488025665283,0.28309744596481323,0.28414657711982727,0.29290732741355896,0.28042951226234436,0.276633620262146,0.2891181707382202,0.3031969964504242,0.3158196806907654,0.30843815207481384,0.2723775804042816,0.3568169176578522,0.32017385959625244,0.2714575529098511,0.2706734836101532,0.31494781374931335,0.26000651717185974,0.27920517325401306,0.2643216550350189,0.24256156384944916,0.2232469618320465,0.18838196992874146,0.16689077019691467,0.1879180371761322,0.18812307715415955,0.17951877415180206,7.00552225112915,1.8409515619277954,1.7382820844650269,1.667054533958435,1.6152737140655518,1.5697731971740723,1.529291033744812,1.4943112134933472,1.4663275480270386,1.4408186674118042,1.4166048765182495,1.394129753112793,1.3754382133483887,1.3614904880523682,1.3492586612701416,1.3368911743164062,1.3265430927276611,1.3171707391738892,1.309192180633545,1.3027608394622803,1.2963252067565918,1.2896699905395508,1.2837626934051514,1.2787684202194214,1.272159457206726,1.2672702074050903,1.26203453540802,1.2585443258285522,1.2561264038085938,1.2548936605453491,1.2538211345672607,1.2549012899398804,1.256834864616394,1.2584069967269897,1.2595319747924805,1.26313316822052,1.267043113708496,1.2700331211090088,1.2771631479263306,1.2800381183624268,1.2840852737426758,1.2913777828216553,1.2944824695587158,1.2976914644241333,1.304303526878357,1.3110002279281616,1.320085048675537,1.3311777114868164,1.3419965505599976,1.3514328002929688,1.3658961057662964,1.3792730569839478,1.3954274654388428,1.407333493232727,1.4214547872543335,1.4380029439926147,1.4523261785507202,1.4711798429489136,1.4917594194412231,1.5096944570541382,1.530664324760437,1.5455948114395142,1.5620180368423462,1.5769684314727783,1.592777967453003,1.6116583347320557,1.630639672279358,1.6538339853286743,1.6718460321426392,1.6889044046401978,1.7081069946289062,1.7315908670425415,1.7521013021469116,1.7750056982040405,1.8073221445083618,1.8315261602401733,1.87411367893219,1.9062572717666626,1.9506672620773315,1.9434738159179688,1.978091835975647,1.958525538444519,2.011728048324585,2.079516887664795,2.1347949504852295,2.0940113067626953,2.259610891342163,2.176387071609497,2.0553290843963623,2.11016583442688,2.2106549739837646,2.1380767822265625,2.1698122024536133,2.2380073070526123,2.2289023399353027,2.2840116024017334,2.213860034942627,2.220463514328003,2.3039252758026123,2.315790891647339,2.3308982849121094
"<Genome {'input_shape': (3, 32, 32), 'output_feature_depth': 10, 'genes': [<Gene {'node': <ConvNode {'input_shapes': [(3, 32, 32)], '_ConvNode__input_shape': (3, 32, 32), '_ConvNode__output_feature_depth': 128, 'kernel_size': 1}>, 'input_indices': [-1], 'input_shapes': [(3, 32, 32)]}>, <Gene {'node': <AvgPoolNode {'input_shapes': [(3, 32, 32)]}>, 'input_indices': [-1], 'input_shapes': [(3, 32, 32)]}>, <Gene {'node': <DepSepConvNode {'input_shapes': [(3, 16, 16)], '_DepSepConvNode__input_shape': (3, 16, 16), '_DepSepConvNode__output_feature_depth': 128, 'kernel_size': 3}>, 'input_indices': [1], 'input_shapes': [(3, 16, 16)]}>, <Gene {'node': <SumNode {'input_shapes': [(128, 32, 32), (3, 32, 32)]}>, 'input_indices': [0, -1], 'input_shapes': [(128, 32, 32), (3, 32, 32)]}>, <Gene {'node': <AvgPoolNode {'input_shapes': [(128, 128, 128)]}>, 'input_indices': [3], 'input_shapes': [(128, 128, 128)]}>, <Gene {'node': <MaxPoolNode {'input_shapes': [(128, 16, 16)]}>, 'input_indices': [2], 'input_shapes': [(128, 16, 16)]}>, <Gene {'node': <AvgPoolNode {'input_shapes': [(128, 32, 32)]}>, 'input_indices': [0], 'input_shapes': [(128, 32, 32)]}>, <Gene {'node': <ConvNode {'input_shapes': [(128, 8, 8)], '_ConvNode__input_shape': (128, 8, 8), '_ConvNode__output_feature_depth': 128, 'kernel_size': 1}>, 'input_indices': [5], 'input_shapes': [(128, 8, 8)]}>, <Gene {'node': <MaxPoolNode {'input_shapes': [(128, 16, 16)]}>, 'input_indices': [6], 'input_shapes': [(128, 16, 16)]}>, <Gene {'node': <AvgPoolNode {'input_shapes': [(128, 8, 8)]}>, 'input_indices': [8], 'input_shapes': [(128, 8, 8)]}>]}>",3.2922210693359375,1.9529333114624023,1.8848663568496704,1.8413571119308472,1.8034579753875732,1.7694637775421143,1.738028883934021,1.7093614339828491,1.686202049255371,1.6646286249160767,1.6457610130310059,1.6285724639892578,1.6129847764968872,1.5994324684143066,1.5874539613723755,1.5757176876068115,1.564636468887329,1.554361343383789,1.5448496341705322,1.5363909006118774,1.5287590026855469,1.5207079648971558,1.5132027864456177,1.5060639381408691,1.4997106790542603,1.4930757284164429,1.4858815670013428,1.4796160459518433,1.4739875793457031,1.467809796333313,1.4624347686767578,1.4579451084136963,1.4527097940444946,1.4485602378845215,1.4423786401748657,1.4380861520767212,1.4318352937698364,1.4278875589370728,1.4240150451660156,1.417960524559021,1.412082314491272,1.4073667526245117,1.4026329517364502,1.3989709615707397,1.3937233686447144,1.3878792524337769,1.3836908340454102,1.3792661428451538,1.376068115234375,1.3711693286895752,1.366655707359314,1.362899899482727,1.357915997505188,1.3522469997406006,1.347869873046875,1.3430079221725464,1.3401005268096924,1.336378812789917,1.3335832357406616,1.328583836555481,1.3238545656204224,1.3211525678634644,1.3173644542694092,1.3136472702026367,1.3099801540374756,1.3073989152908325,1.3032190799713135,1.2988829612731934,1.2975375652313232,1.2948641777038574,1.2904430627822876,1.2879256010055542,1.284445881843567,1.2821866273880005,1.2797234058380127,1.2764437198638916,1.2714159488677979,1.2684078216552734,1.2673134803771973,1.26345694065094,1.2619290351867676,1.256103515625,1.2552216053009033,1.2496697902679443,1.2479602098464966,1.2430646419525146,1.2437766790390015,1.2432464361190796,1.2370816469192505,1.2310150861740112,1.2293857336044312,1.2246768474578857,1.2193069458007812,1.2163662910461426,1.2135082483291626,1.2106401920318604,1.2092959880828857,1.2045038938522339,1.199200987815857,1.2010623216629028,1.196648359298706,3.300138235092163,1.9474281072616577,1.877610206604004,1.8328040838241577,1.794254183769226,1.7612749338150024,1.7335312366485596,1.7091730833053589,1.6862787008285522,1.6681654453277588,1.6520843505859375,1.63754403591156,1.6246191263198853,1.6141728162765503,1.6058117151260376,1.5979423522949219,1.5905784368515015,1.5840715169906616,1.5784939527511597,1.5740710496902466,1.5705623626708984,1.5660966634750366,1.5620092153549194,1.558807611465454,1.5561399459838867,1.5519061088562012,1.5483802556991577,1.5452542304992676,1.5438040494918823,1.5409096479415894,1.5393201112747192,1.5372458696365356,1.5334841012954712,1.5328086614608765,1.5294276475906372,1.5272272825241089,1.5247875452041626,1.5232226848602295,1.5227364301681519,1.5199167728424072,1.5170327425003052,1.5161508321762085,1.5141202211380005,1.5135513544082642,1.5110626220703125,1.5092519521713257,1.5075603723526,1.5064619779586792,1.5062114000320435,1.5040283203125,1.5028613805770874,1.5016868114471436,1.5013716220855713,1.498715877532959,1.4981911182403564,1.4967670440673828,1.4978269338607788,1.4968352317810059,1.498972773551941,1.4971874952316284,1.4948432445526123,1.4962247610092163,1.4967142343521118,1.4966011047363281,1.4974571466445923,1.498267412185669,1.4968775510787964,1.496054768562317,1.4974581003189087,1.4993005990982056,1.499210238456726,1.5008496046066284,1.500878930091858,1.501006007194519,1.5042818784713745,1.5049912929534912,1.5042310953140259,1.5039476156234741,1.5075576305389404,1.506382942199707,1.5098079442977905,1.5064595937728882,1.5074573755264282,1.509525179862976,1.512219786643982,1.5118505954742432,1.5154192447662354,1.51910400390625,1.5170505046844482,1.5185827016830444,1.5202382802963257,1.5179771184921265,1.5178890228271484,1.5199564695358276,1.5203090906143188,1.5226380825042725,1.5252761840820312,1.5260109901428223,1.5227789878845215,1.5308432579040527,1.530129313468933
"<Genome {'input_shape': (3, 32, 32), 'output_feature_depth': 10, 'genes': [<Gene {'node': <ConvNode {'input_shapes': [(3, 32, 32)], '_ConvNode__input_shape': (3, 32, 32), '_ConvNode__output_feature_depth': 32, 'kernel_size': 3}>, 'input_indices': [-1], 'input_shapes': [(3, 32, 32)]}>, <Gene {'node': <DepSepConvNode {'input_shapes': [(32, 32, 32)], '_DepSepConvNode__input_shape': (32, 32, 32), '_DepSepConvNode__output_feature_depth': 256, 'kernel_size': 5}>, 'input_indices': [0], 'input_shapes': [(32, 32, 32)]}>, <Gene {'node': <DepSepConvNode {'input_shapes': [(32, 32, 32)], '_DepSepConvNode__input_shape': (32, 32, 32), '_DepSepConvNode__output_feature_depth': 32, 'kernel_size': 3}>, 'input_indices': [0], 'input_shapes': [(32, 32, 32)]}>, <Gene {'node': <MaxPoolNode {'input_shapes': [(3, 32, 32)]}>, 'input_indices': [-1], 'input_shapes': [(3, 32, 32)]}>, <Gene {'node': <ConvNode {'input_shapes': [(256, 32, 32)], '_ConvNode__input_shape': (256, 32, 32), '_ConvNode__output_feature_depth': 128, 'kernel_size': 1}>, 'input_indices': [1], 'input_shapes': [(256, 32, 32)]}>, <Gene {'node': <CatNode {'input_shapes': [(3, 16, 16), (32, 32, 32)]}>, 'input_indices': [3, 2], 'input_shapes': [(3, 16, 16), (32, 32, 32)]}>, <Gene {'node': <MaxPoolNode {'input_shapes': [(256, 32, 32)]}>, 'input_indices': [1], 'input_shapes': [(256, 32, 32)]}>, <Gene {'node': <CatNode {'input_shapes': [(32, 32, 32), (256, 16, 16)]}>, 'input_indices': [2, 6], 'input_shapes': [(32, 32, 32), (256, 16, 16)]}>, <Gene {'node': <MaxPoolNode {'input_shapes': [(288, 256, 256)]}>, 'input_indices': [7], 'input_shapes': [(288, 256, 256)]}>, <Gene {'node': <SumNode {'input_shapes': [(256, 16, 16), (3, 32, 32)]}>, 'input_indices': [6, -1], 'input_shapes': [(256, 16, 16), (3, 32, 32)]}>]}>",3.822108268737793,1.7919318675994873,1.6926698684692383,1.6360633373260498,1.593464732170105,1.5542048215866089,1.5178611278533936,1.4830209016799927,1.447459101676941,1.4129054546356201,1.3806025981903076,1.3499979972839355,1.3226007223129272,1.2972804307937622,1.2729843854904175,1.2506909370422363,1.2284040451049805,1.2075508832931519,1.1879935264587402,1.168379783630371,1.149343729019165,1.131127119064331,1.1126668453216553,1.095397710800171,1.079172968864441,1.0645651817321777,1.0504225492477417,1.0376055240631104,1.0220630168914795,1.0078608989715576,0.9947773814201355,0.9832038283348083,0.9700415134429932,0.9558877944946289,0.9418961405754089,0.9301498532295227,0.9181279540061951,0.9062937498092651,0.8944882750511169,0.8808194398880005,0.8640964031219482,0.8482980132102966,0.8246905207633972,0.8032123446464539,0.781305193901062,0.7606909871101379,0.7341383099555969,0.7148814797401428,0.6983072757720947,0.6834513545036316,0.6740472912788391,0.6636922955513,0.6543455719947815,0.6430195569992065,0.6321192979812622,0.6184517741203308,0.6035026907920837,0.5927137136459351,0.5809828639030457,0.5717883110046387,0.5655092000961304,0.5592002868652344,0.5556614398956299,0.5531332492828369,0.5509914755821228,0.5475524067878723,0.5438138842582703,0.5385517477989197,0.5333826541900635,0.5375423431396484,0.5351913571357727,0.5353121161460876,0.5365234613418579,0.5348385572433472,0.5279055237770081,0.5347058773040771,0.514937162399292,0.5262710452079773,0.5367375016212463,0.537701427936554,0.5082575082778931,0.4773806929588318,0.4764006733894348,0.43517181277275085,0.44404837489128113,0.42883309721946716,0.41130346059799194,0.39958858489990234,0.38580116629600525,0.3580668270587921,0.3466307818889618,0.3434881865978241,0.34756532311439514,0.3417864441871643,0.33408963680267334,0.32534000277519226,0.3206081986427307,0.3133681118488312,0.28266650438308716,0.2567565441131592,0.24318647384643555,3.8114888668060303,1.7791473865509033,1.6910380125045776,1.6440248489379883,1.6101137399673462,1.5801222324371338,1.5526089668273926,1.525830864906311,1.4988514184951782,1.4738582372665405,1.451535940170288,1.430524230003357,1.4129308462142944,1.3978404998779297,1.3841081857681274,1.3721410036087036,1.3609346151351929,1.3514536619186401,1.3430556058883667,1.3354309797286987,1.3285936117172241,1.3232182264328003,1.317834496498108,1.313151240348816,1.3094106912612915,1.3066943883895874,1.3057465553283691,1.3048202991485596,1.30203378200531,1.3009613752365112,1.3009580373764038,1.3024907112121582,1.3029929399490356,1.3037440776824951,1.3051661252975464,1.308512568473816,1.3117166757583618,1.313607096672058,1.3154548406600952,1.3169301748275757,1.3172178268432617,1.3197788000106812,1.3180383443832397,1.3161507844924927,1.3139636516571045,1.3161293268203735,1.3157116174697876,1.3209198713302612,1.3325352668762207,1.346508264541626,1.3685632944107056,1.388971209526062,1.4095439910888672,1.4243890047073364,1.4336799383163452,1.4367178678512573,1.4390445947647095,1.4524439573287964,1.4627901315689087,1.4778494834899902,1.4940731525421143,1.5097750425338745,1.5281031131744385,1.5447993278503418,1.559151291847229,1.5720031261444092,1.5821924209594727,1.5918066501617432,1.6018459796905518,1.626043677330017,1.6442197561264038,1.6667845249176025,1.6983436346054077,1.7126702070236206,1.7392593622207642,1.7569267749786377,1.7742321491241455,1.8308124542236328,1.870474100112915,1.8950462341308594,1.8709936141967773,1.8426557779312134,1.8495264053344727,1.844515085220337,1.887451171875,1.87970769405365,1.8886197805404663,1.9188692569732666,1.9208694696426392,1.9004738330841064,1.9017833471298218,1.9321024417877197,1.9534507989883423,2.0016138553619385,1.984044075012207,2.0228593349456787,2.0587575435638428,2.0785281658172607,2.071530818939209,2.0636792182922363,2.0632383823394775
"<Genome {'input_shape': (3, 32, 32), 'output_feature_depth': 10, 'genes': [<Gene {'node': <MaxPoolNode {'input_shapes': [(3, 32, 32)]}>, 'input_indices': [-1], 'input_shapes': [(3, 32, 32)]}>, <Gene {'node': <AvgPoolNode {'input_shapes': [(3, 32, 32)]}>, 'input_indices': [-1], 'input_shapes': [(3, 32, 32)]}>, <Gene {'node': <SumNode {'input_shapes': [(3, 16, 16), (3, 32, 32)]}>, 'input_indices': [1, -1], 'input_shapes': [(3, 16, 16), (3, 32, 32)]}>, <Gene {'node': <MaxPoolNode {'input_shapes': [(3, 16, 16)]}>, 'input_indices': [0], 'input_shapes': [(3, 16, 16)]}>, <Gene {'node': <CatNode {'input_shapes': [(3, 8, 8), (3, 32, 32)]}>, 'input_indices': [3, -1], 'input_shapes': [(3, 8, 8), (3, 32, 32)]}>, <Gene {'node': <DepSepConvNode {'input_shapes': [(3, 16, 16)], '_DepSepConvNode__input_shape': (3, 16, 16), '_DepSepConvNode__output_feature_depth': 64, 'kernel_size': 5}>, 'input_indices': [1], 'input_shapes': [(3, 16, 16)]}>, <Gene {'node': <DepSepConvNode {'input_shapes': [(64, 16, 16)], '_DepSepConvNode__input_shape': (64, 16, 16), '_DepSepConvNode__output_feature_depth': 32, 'kernel_size': 3}>, 'input_indices': [5], 'input_shapes': [(64, 16, 16)]}>, <Gene {'node': <DepSepConvNode {'input_shapes': [(3, 8, 8)], '_DepSepConvNode__input_shape': (3, 8, 8), '_DepSepConvNode__output_feature_depth': 256, 'kernel_size': 5}>, 'input_indices': [3], 'input_shapes': [(3, 8, 8)]}>, <Gene {'node': <ConvNode {'input_shapes': [(3, 32, 32)], '_ConvNode__input_shape': (3, 32, 32), '_ConvNode__output_feature_depth': 128, 'kernel_size': 1}>, 'input_indices': [-1], 'input_shapes': [(3, 32, 32)]}>, <Gene {'node': <SumNode {'input_shapes': [(6, 3, 3), (128, 32, 32)]}>, 'input_indices': [4, 8], 'input_shapes': [(6, 3, 3), (128, 32, 32)]}>]}>",2.741179943084717,2.025765895843506,1.969285011291504,1.9272171258926392,1.8919730186462402,1.8598612546920776,1.8305432796478271,1.8040047883987427,1.7800955772399902,1.7586314678192139,1.739313006401062,1.7222025394439697,1.7070889472961426,1.6936627626419067,1.6814326047897339,1.6704033613204956,1.659788727760315,1.6502500772476196,1.6410419940948486,1.6323879957199097,1.6242718696594238,1.6163842678070068,1.6087490320205688,1.6014455556869507,1.5946091413497925,1.587907314300537,1.5817298889160156,1.5752384662628174,1.5695136785507202,1.5634346008300781,1.5581682920455933,1.5524210929870605,1.5475900173187256,1.54222571849823,1.537415623664856,1.5324777364730835,1.527609944343567,1.5231214761734009,1.5185047388076782,1.5142719745635986,1.5097883939743042,1.5057131052017212,1.5015286207199097,1.4976674318313599,1.4935896396636963,1.489811897277832,1.4859766960144043,1.4822971820831299,1.4786977767944336,1.474854588508606,1.4712468385696411,1.467555046081543,1.4639211893081665,1.4604239463806152,1.4569287300109863,1.453447699546814,1.450188398361206,1.446946382522583,1.4435532093048096,1.4403148889541626,1.4371389150619507,1.433864712715149,1.4305747747421265,1.4275882244110107,1.4241825342178345,1.4211739301681519,1.4181795120239258,1.4152711629867554,1.4123177528381348,1.409495234489441,1.4065794944763184,1.4038188457489014,1.401026964187622,1.3981775045394897,1.3956042528152466,1.392677664756775,1.389912486076355,1.387102484703064,1.3843390941619873,1.381756067276001,1.3791598081588745,1.3763760328292847,1.3738170862197876,1.3711174726486206,1.3685626983642578,1.3660401105880737,1.3637759685516357,1.3609880208969116,1.3583744764328003,1.3561429977416992,1.3536078929901123,1.3512308597564697,1.3487565517425537,1.346177577972412,1.3438644409179688,1.3412100076675415,1.3387733697891235,1.3360241651535034,1.334242820739746,1.3315132856369019,1.3293383121490479,2.6948447227478027,2.0142717361450195,1.9687927961349487,1.9325426816940308,1.900396704673767,1.8693698644638062,1.8401730060577393,1.8131531476974487,1.7886472940444946,1.7664209604263306,1.7462562322616577,1.7284210920333862,1.712795615196228,1.6991180181503296,1.6866317987442017,1.6752150058746338,1.6644824743270874,1.6547024250030518,1.6454275846481323,1.6367000341415405,1.6285343170166016,1.6207386255264282,1.613169550895691,1.6061629056930542,1.5996302366256714,1.5933061838150024,1.5877283811569214,1.5815155506134033,1.5765964984893799,1.571088433265686,1.5666749477386475,1.5616215467453003,1.5573406219482422,1.5529309511184692,1.5490291118621826,1.5450973510742188,1.541012167930603,1.5375745296478271,1.5339821577072144,1.5308226346969604,1.5274484157562256,1.5247490406036377,1.5219566822052002,1.5194381475448608,1.516653060913086,1.514253854751587,1.511844515800476,1.5096901655197144,1.5075901746749878,1.5051560401916504,1.5029972791671753,1.500996470451355,1.498942255973816,1.4971580505371094,1.4955697059631348,1.4938467741012573,1.4924626350402832,1.491113305091858,1.4895914793014526,1.4879999160766602,1.4863873720169067,1.485002875328064,1.4834262132644653,1.482150673866272,1.4802048206329346,1.4787768125534058,1.477209448814392,1.4758329391479492,1.4743319749832153,1.4733874797821045,1.4719717502593994,1.4706133604049683,1.4692318439483643,1.4678668975830078,1.46681547164917,1.4652527570724487,1.4643446207046509,1.4632567167282104,1.4620856046676636,1.460827350616455,1.4596173763275146,1.4583320617675781,1.4572699069976807,1.4558833837509155,1.454494595527649,1.4530441761016846,1.4520074129104614,1.4504023790359497,1.4491585493087769,1.4483062028884888,1.4472898244857788,1.4464472532272339,1.445137858390808,1.4437693357467651,1.4427651166915894,1.4417232275009155,1.4406437873840332,1.4388866424560547,1.4386354684829712,1.4374735355377197,1.4364256858825684
